src/assets/2022081000f000.wind.json
{"header": { "discipline":0, "gribEdition":2, "gribLength":55731, "center":34, "subcenter":0, "refTime":"2022-08-10T00:00:00.000Z", "significanceOfRT":1, "productStatus":0, "productType":1, "productDefinitionTemplate":0, "parameterCategory":2, "parameterNumber":3, "parameterUnit":"m.s-1", "genProcessType":1, "forecastTime":0, "surface1Type":103, "surface1Value":10.0, "surface2Type":255, "surface2Value":-9.999E-252, "gridDefinitionTemplate":0, "numberPoints":40401, "shape":6, "gridUnits":"degrees", "resolution":48, "winds":"true", "scanMode":64, "nx":201, "ny":201, "basicAngle":0, "lo1":90.0, "la1":-5.0, "lo2":140.0, "la2":45.0, "dx":0.25, "dy":0.25 }, "data":
[rows 78 to 103 of 201, columns 0 to 57 of 201]
8.940529,8.909279,8.846779,8.737404,8.643654,8.518654,8.331154,8.128029,7.909279,7.690529,7.549904,7.424904,7.206154,6.878029,6.471779,5.924904,5.362404,4.862404,4.315529,3.7842789,3.2530289,2.7061539,2.2061539,1.8155289,1.4249039,1.0811539,0.79990387,0.50302887,0.17490387,-0.13759613,-0.48134613,-0.62197113,-0.54384613,-0.30947113,-0.04384613,-0.02822113,0.06552887,0.14365387,0.54990387,1.0342789,1.2061539,1.2061539,1.2217789,1.2374039,1.2686539,0.72177887,0.69052887,1.0655289,0.98740387,0.54990387,0.15927887,-0.02822113,0.08115387,0.22177887,0.34677887,0.53427887,0.76865387,1.0967789
9.112404,9.003029,8.909279,8.799904,8.768654,8.706154,8.534279,8.331154,8.128029,7.862404,7.628029,7.378029,7.065529,6.706154,6.315529,5.815529,5.206154,4.581154,3.8780289,3.1592789,2.5655289,2.0030289,1.5499039,1.2061539,0.89365387,0.64365387,0.45615387,0.26865387,0.06552887,-0.15322113,-0.40322113,-0.37197113,-0.04384613,0.01865387,-0.16884613,-0.10634613,0.56552887,0.39365387,0.34677887,0.95615387,1.3311539,1.4092789,1.4405289,1.5811539,2.0342789,1.5811539,0.81552887,0.53427887,0.33115387,0.09677887,-0.09072113,-0.18447113,-0.16884613,-0.07509613,0.19052887,0.44052887,0.67490387,0.83115387
9.081154,8.893654,8.768654,8.659279,8.628029,8.628029,8.549904,8.409279,8.221779,7.956154,7.643654,7.299904,6.940529,6.581154,6.190529,5.674904,5.018654,4.299904,3.4717789,2.6749039,2.0499039,1.5030289,1.0811539,0.78427887,0.56552887,0.37802887,0.28427887,0.17490387,0.09677887,0.01865387,-0.05947113,0.09677887,0.25302887,0.12802887,-0.27822113,-0.07509613,0.42490387,0.12802887,0.19052887,0.87802887,1.2686539,1.3780289,1.4092789,1.4405289,1.6280289,1.4874039,0.76865387,0.26865387,0.03427887,0.01865387,-0.07509613,-0.15322113,-0.12197113,0.04990387,0.28427887,0.47177887,0.59677887,0.73740387
9.003029,8.924904,8.831154,8.721779,8.581154,8.471779,8.378029,8.315529,8.159279,7.893654,7.549904,7.190529,6.815529,6.440529,6.034279,5.440529,4.690529,3.9249039,3.0655289,2.2530289,1.5967789,0.98740387,0.54990387,0.31552887,0.19052887,0.12802887,0.08115387,0.11240387,0.20615387,0.29990387,0.45615387,0.64365387,0.59677887,0.31552887,-0.09072113,-0.12197113,-0.23134613,-0.23134613,0.17490387,0.59677887,0.92490387,1.0499039,1.0811539,0.98740387,1.0030289,0.92490387,0.53427887,0.19052887,0.04990387,0.08115387,0.11240387,0.04990387,0.09677887,0.23740387,0.39365387,0.47177887,0.56552887,0.72177887
8.909279,8.940529,8.956154,8.862404,8.659279,8.456154,8.284279,8.143654,7.987404,7.690529,7.315529,6.956154,6.596779,6.174904,5.690529,4.987404,4.143654,3.3311539,2.4249039,1.5030289,0.72177887,0.04990387,-0.34072113,-0.49697113,-0.46572113,-0.35634613,-0.20009613,0.01865387,0.33115387,0.54990387,0.78427887,0.98740387,0.92490387,0.70615387,0.40927887,-0.01259613,-0.70009613,-0.38759613,0.14365387,0.17490387,0.28427887,0.42490387,0.44052887,0.37802887,0.31552887,0.23740387,0.28427887,0.28427887,0.20615387,0.23740387,0.29990387,0.33115387,0.34677887,0.36240387,0.40927887,0.47177887,0.58115387,0.67490387
8.878029,8.846779,8.846779,8.768654,8.628029,8.456154,8.253029,8.049904,7.799904,7.440529,7.034279,6.690529,6.331154,5.862404,5.284279,4.518654,3.6436539,2.6436539,1.4405289,0.45615387,-0.12197113,-0.37197113,-0.57509613,-0.85634613,-0.87197113,-0.66884613,-0.45009613,-0.10634613,0.28427887,0.56552887,0.76865387,0.97177887,1.0030289,0.79990387,0.48740387,-0.01259613,-0.52822113,-0.09072113,0.09677887,-0.02822113,-0.02822113,0.04990387,0.06552887,0.04990387,0.09677887,0.11240387,0.11240387,0.17490387,0.40927887,0.62802887,0.61240387,0.56552887,0.51865387,0.47177887,0.45615387,0.48740387,0.53427887,0.56552887
8.909279,8.831154,8.768654,8.706154,8.581154,8.409279,8.206154,7.956154,7.690529,7.284279,6.799904,6.440529,6.049904,5.503029,4.878029,4.128029,3.2061539,1.6436539,0.28427887,-0.10634613,-0.16884613,-0.10634613,-0.13759613,-0.55947113,-1.0125961,-1.0438461,-0.88759613,-0.57509613,-0.05947113,0.37802887,0.70615387,0.87802887,0.79990387,0.48740387,0.25302887,0.08115387,-0.13759613,0.09677887,-0.04384613,-0.18447113,-0.21572113,-0.15322113,-0.09072113,-0.07509613,0.06552887,0.09677887,-0.10634613,0.0030288696,0.58115387,0.79990387,0.86240387,0.76865387,0.64365387,0.51865387,0.45615387,0.40927887,0.39365387,0.42490387
8.971779,8.909279,8.831154,8.737404,8.612404,8.424904,8.174904,7.909279,7.628029,7.174904,6.690529,6.268654,5.753029,5.159279,4.612404,4.018654,3.1280289,1.3155289,0.23740387,0.23740387,0.26865387,0.20615387,0.14365387,-0.07509613,-0.59072113,-1.0438461,-1.3407211,-1.2469711,-0.68447113,0.12802887,0.79990387,0.86240387,0.70615387,0.48740387,0.31552887,0.23740387,0.40927887,0.40927887,0.06552887,-0.12197113,-0.15322113,-0.12197113,-0.20009613,-0.37197113,-0.15322113,0.01865387,-0.26259613,0.08115387,0.45615387,0.31552887,0.44052887,0.54990387,0.53427887,0.44052887,0.37802887,0.33115387,0.31552887,0.34677887
9.034279,8.987404,8.940529,8.846779,8.690529,8.471779,8.159279,7.846779,7.518654,7.049904,6.565529,6.096779,5.534279,4.987404,4.565529,4.143654,3.5030289,2.2374039,0.90927887,0.44052887,0.33115387,0.19052887,0.09677887,0.01865387,-0.05947113,-0.27822113,-0.62197113,-1.2000961,-1.2313461,-0.20009613,0.76865387,0.81552887,0.69052887,0.78427887,0.75302887,0.45615387,0.53427887,0.14365387,-0.12197113,-0.09072113,0.03427887,-0.02822113,-0.27822113,-0.52822113,-0.24697113,0.14365387,-0.09072113,-0.18447113,-0.01259613,0.01865387,0.06552887,0.19052887,0.26865387,0.29990387,0.33115387,0.28427887,0.28427887,0.26865387
9.128029,9.112404,9.081154,8.971779,8.768654,8.471779,8.112404,7.737404,7.362404,6.878029,6.362404,5.862404,5.331154,4.878029,4.549904,4.206154,3.6592789,2.5811539,0.78427887,0.20615387,0.12802887,0.03427887,-0.01259613,0.01865387,0.06552887,0.15927887,0.19052887,-0.62197113,-1.4500961,-0.35634613,0.67490387,0.65927887,0.44052887,0.54990387,0.72177887,0.64365387,0.44052887,-0.20009613,-0.24697113,0.06552887,0.25302887,0.12802887,-0.12197113,-0.23134613,-0.27822113,0.22177887,0.11240387,-0.48134613,-0.23134613,-0.02822113,-0.05947113,0.01865387,0.14365387,0.19052887,0.23740387,0.22177887,0.20615387,0.20615387
9.299904,9.284279,9.221779,9.081154,8.815529,8.503029,8.096779,7.659279,7.221779,6.674904,6.096779,5.596779,5.143654,4.799904,4.534279,4.128029,3.3936539,2.1280289,0.33115387,-0.10634613,-0.12197113,-0.12197113,-0.07509613,-0.01259613,0.06552887,0.11240387,0.11240387,-0.55947113,-1.2625961,-0.18447113,0.42490387,0.29990387,-0.23134613,-0.13759613,0.36240387,0.75302887,0.31552887,-0.09072113,0.23740387,0.50302887,0.56552887,0.34677887,0.12802887,0.22177887,0.08115387,-0.02822113,0.28427887,0.22177887,-0.20009613,-0.29384613,-0.27822113,-0.12197113,-0.01259613,0.06552887,0.17490387,0.23740387,0.23740387,0.22177887
9.456154,9.393654,9.299904,9.112404,8.846779,8.503029,8.081154,7.565529,7.065529,6.487404,5.909279,5.440529,5.049904,4.753029,4.518654,4.049904,3.1124039,1.7999039,0.33115387,-0.23134613,-0.30947113,-0.21572113,-0.12197113,-0.04384613,-0.07509613,-0.21572113,-0.24697113,-0.55947113,-0.70009613,0.01865387,0.28427887,0.08115387,-0.59072113,-0.70009613,0.22177887,0.62802887,0.11240387,-0.10634613,0.15927887,0.37802887,0.45615387,0.29990387,0.15927887,0.37802887,0.59677887,0.44052887,0.39365387,0.19052887,-0.40322113,-0.51259613,-0.41884613,-0.27822113,-0.15322113,0.01865387,0.20615387,0.23740387,0.17490387,0.14365387
9.534279,9.409279,9.253029,9.018654,8.690529,8.331154,7.862404,7.315529,6.784279,6.190529,5.674904,5.315529,4.987404,4.753029,4.581154,3.9717789,2.7374039,1.3311539,-0.01259613,-0.59072113,-0.52822113,-0.18447113,-0.10634613,-0.09072113,-0.04384613,-0.23134613,-0.38759613,-0.46572113,-0.54384613,-0.26259613,0.20615387,0.03427887,-0.43447113,-0.48134613,0.23740387,0.23740387,-0.09072113,-0.15322113,-0.09072113,-0.02822113,0.08115387,0.17490387,0.28427887,0.37802887,0.37802887,0.72177887,0.45615387,-0.37197113,-0.63759613,-0.45009613,-0.37197113,-0.27822113,-0.13759613,0.08115387,0.20615387,0.17490387,0.09677887,0.01865387
9.518654,9.268654,9.018654,8.706154,8.315529,7.893654,7.346779,6.753029,6.237404,5.799904,5.424904,5.206154,5.065529,4.987404,4.737404,3.7530289,2.2530289,0.90927887,-0.37197113,-0.54384613,-0.07509613,0.28427887,0.12802887,-0.05947113,-0.05947113,-0.21572113,-0.40322113,-0.37197113,-0.24697113,-0.13759613,0.39365387,0.48740387,0.33115387,0.29990387,0.22177887,-0.12197113,-0.34072113,-0.09072113,-0.02822113,-0.04384613,-0.01259613,0.04990387,0.34677887,0.47177887,0.17490387,-0.04384613,-0.20009613,-0.49697113,-0.48134613,-0.30947113,-0.20009613,-0.07509613,0.06552887,0.17490387,0.20615387,0.12802887,0.01865387,-0.07509613
9.362404,9.081154,8.768654,8.393654,7.971779,7.487404,6.878029,6.331154,5.971779,5.690529,5.424904,5.237404,5.190529,5.190529,4.706154,3.5499039,2.4561539,1.5967789,0.42490387,0.44052887,0.48740387,0.50302887,0.39365387,0.04990387,-0.10634613,-0.13759613,-0.20009613,-0.24697113,-0.01259613,0.25302887,0.67490387,0.69052887,0.56552887,0.22177887,-0.10634613,-0.20009613,-0.23134613,0.11240387,0.11240387,0.0030288696,0.19052887,0.20615387,0.33115387,0.45615387,0.20615387,-0.30947113,-0.41884613,-0.13759613,-0.10634613,-0.12197113,-0.09072113,-0.02822113,0.09677887,0.19052887,0.19052887,0.09677887,-0.01259613,-0.10634613
9.221779,8.909279,8.565529,8.143654,7.674904,7.190529,6.659279,6.253029,6.018654,5.784279,5.518654,5.362404,5.424904,5.284279,4.612404,3.9405289,3.6749039,2.8624039,1.2686539,0.84677887,0.56552887,0.45615387,0.58115387,0.17490387,-0.05947113,-0.12197113,-0.15322113,-0.21572113,0.0030288696,0.37802887,0.59677887,0.64365387,0.69052887,0.15927887,0.01865387,0.23740387,0.11240387,-0.10634613,-0.01259613,-0.04384613,-0.01259613,0.15927887,0.29990387,0.34677887,0.03427887,-0.20009613,0.04990387,0.45615387,0.34677887,0.08115387,-0.07509613,-0.13759613,-0.04384613,0.0030288696,0.04990387,0.0030288696,-0.05947113,-0.04384613
9.159279,8.846779,8.487404,8.018654,7.549904,7.112404,6.737404,6.456154,6.253029,6.049904,5.846779,5.815529,5.893654,5.612404,5.128029,5.315529,5.049904,2.9405289,0.92490387,0.53427887,0.33115387,0.50302887,0.67490387,0.31552887,0.08115387,0.0030288696,-0.10634613,-0.21572113,0.08115387,0.36240387,0.54990387,0.97177887,1.2217789,0.50302887,0.04990387,0.17490387,0.19052887,-0.32509613,-0.34072113,-0.07509613,-0.05947113,0.06552887,0.23740387,0.20615387,-0.13759613,-0.38759613,0.26865387,0.70615387,0.51865387,0.15927887,0.03427887,-0.10634613,-0.04384613,0.01865387,0.01865387,-0.02822113,-0.02822113,0.03427887
9.206154,8.956154,8.643654,8.221779,7.784279,7.456154,7.143654,6.815529,6.565529,6.393654,6.331154,6.456154,6.424904,5.768654,4.503029,5.424904,5.534279,2.5186539,0.54990387,0.44052887,0.48740387,0.69052887,0.83115387,0.56552887,0.23740387,0.15927887,0.01865387,-0.01259613,0.12802887,0.15927887,0.50302887,1.1592789,1.2999039,0.81552887,-0.02822113,-0.29384613,-0.10634613,-0.30947113,-0.29384613,0.01865387,0.11240387,0.15927887,0.12802887,0.09677887,0.03427887,-0.16884613,0.03427887,0.26865387,0.23740387,0.14365387,0.22177887,0.11240387,0.01865387,0.17490387,0.31552887,0.22177887,0.14365387,0.28427887
9.315529,9.190529,9.034279,8.721779,8.346779,8.049904,7.706154,7.284279,7.003029,6.893654,7.018654,7.159279,7.128029,6.581154,4.721779,3.5655289,3.1905289,1.7061539,0.78427887,0.54990387,0.61240387,0.89365387,1.0499039,0.83115387,0.40927887,0.34677887,0.26865387,0.29990387,0.26865387,0.09677887,0.22177887,0.61240387,0.72177887,0.39365387,-0.32509613,-0.51259613,-0.16884613,-0.07509613,-0.09072113,0.23740387,0.44052887,0.39365387,0.19052887,0.19052887,0.20615387,0.19052887,0.12802887,0.08115387,0.03427887,0.08115387,0.23740387,0.15927887,-0.26259613,-0.24697113,0.45615387,0.53427887,0.39365387,0.59677887
9.424904,9.487404,9.565529,9.424904,9.128029,8.815529,8.393654,8.003029,7.768654,7.753029,7.909279,7.940529,8.034279,7.909279,6.565529,2.7686539,1.0655289,0.90927887,0.73740387,0.50302887,0.65927887,1.1592789,1.1436539,0.98740387,0.59677887,0.40927887,0.34677887,0.34677887,0.29990387,0.26865387,0.23740387,0.15927887,0.25302887,0.06552887,-0.27822113,-0.43447113,-0.13759613,0.20615387,0.19052887,0.50302887,0.84677887,0.56552887,0.34677887,0.37802887,0.37802887,0.11240387,0.17490387,0.09677887,-0.26259613,-0.37197113,-0.35634613,-0.38759613,-0.63759613,-0.54384613,-0.12197113,-0.02822113,-0.09072113,0.39365387
9.768654,9.862404,10.065529,10.034279,9.846779,9.565529,9.174904,8.784279,8.549904,8.565529,8.565529,8.596779,8.784279,8.393654,6.518654,3.0186539,1.2374039,0.97177887,0.67490387,0.58115387,1.0655289,1.3624039,1.5342789,1.2686539,0.67490387,0.33115387,0.12802887,0.12802887,0.17490387,0.23740387,0.25302887,0.33115387,0.34677887,0.11240387,-0.09072113,-0.38759613,-0.30947113,0.15927887,0.14365387,0.29990387,0.56552887,0.50302887,0.59677887,0.70615387,0.51865387,-0.23134613,-0.23134613,0.04990387,-0.26259613,-0.60634613,-0.57509613,-0.51259613,-0.66884613,-0.66884613,-0.40322113,-0.24697113,-0.24697113,-0.41884613
10.487404,10.456154,10.628029,10.690529,10.628029,10.440529,10.081154,9.721779,9.534279,9.393654,9.299904,9.299904,9.159279,7.784279,4.971779,2.2061539,0.95615387,0.97177887,0.97177887,1.1436539,1.5811539,1.7530289,1.5655289,1.1592789,0.76865387,0.40927887,0.15927887,0.01865387,-0.01259613,0.06552887,0.17490387,0.48740387,0.47177887,0.34677887,0.34677887,-0.05947113,-0.21572113,0.12802887,0.04990387,0.03427887,0.25302887,0.29990387,0.47177887,0.53427887,0.51865387,0.01865387,-0.13759613,0.04990387,0.04990387,-0.23134613,-0.30947113,-0.34072113,-0.48134613,-0.59072113,-0.52822113,-0.60634613,-0.79384613,-0.90322113
11.471779,11.237404,11.299904,11.409279,11.378029,11.299904,11.112404,10.940529,10.815529,10.518654,10.174904,9.737404,7.956154,4.706154,1.9092789,0.73740387,0.65927887,0.72177887,0.76865387,1.3936539,2.0499039,2.1124039,1.6280289,1.2999039,1.1280289,0.79990387,0.61240387,0.26865387,-0.05947113,-0.04384613,0.06552887,0.23740387,0.39365387,0.45615387,0.53427887,0.31552887,-0.21572113,-0.46572113,-0.21572113,-0.04384613,0.11240387,0.11240387,0.04990387,0.04990387,0.14365387,0.03427887,-0.16884613,-0.07509613,0.06552887,-0.07509613,-0.29384613,-0.34072113,-0.23134613,-0.30947113,-0.63759613,-0.95009613,-1.0125961,-0.87197113
12.284279,11.862404,11.768654,11.815529,11.846779,11.784279,11.706154,11.706154,11.503029,11.081154,9.909279,7.190529,4.237404,1.9092789,1.2530289,0.98740387,0.65927887,0.61240387,0.72177887,1.5499039,2.2530289,2.3155289,2.0030289,1.7530289,1.6280289,1.2999039,1.0342789,0.47177887,-0.01259613,0.01865387,0.08115387,-0.01259613,0.26865387,0.59677887,0.65927887,0.42490387,-0.02822113,-0.35634613,-0.30947113,-0.09072113,0.01865387,0.03427887,0.09677887,0.19052887,0.19052887,0.17490387,0.0030288696,-0.20009613,-0.15322113,-0.12197113,-0.15322113,-0.13759613,-0.24697113,-0.41884613,-0.57509613,-0.76259613,-0.79384613,-0.70009613
12.815529,12.378029,12.018654,11.971779,12.003029,11.971779,11.831154,11.846779,11.659279,10.456154,6.596779,3.0342789,1.8467789,1.4874039,1.5186539,1.2686539,0.83115387,0.65927887,1.0186539,1.8936539,2.3467789,2.5186539,2.4717789,2.2842789,1.9717789,1.5811539,1.1749039,0.42490387,0.04990387,0.04990387,0.17490387,0.11240387,0.12802887,0.39365387,0.62802887,0.42490387,0.08115387,-0.21572113,-0.34072113,-0.10634613,0.03427887,0.17490387,0.34677887,0.20615387,0.15927887,0.39365387,0.58115387,0.22177887,-0.09072113,-0.16884613,-0.13759613,-0.07509613,-0.16884613,-0.32509613,-0.26259613,-0.16884613,-0.26259613,-0.34072113
12.690529,12.362404,11.987404,11.924904,11.940529,11.799904,11.643654,11.549904,11.049904,7.753029,2.8311539,2.5030289,1.9249039,1.3936539,1.3311539,0.89365387,0.40927887,0.73740387,1.7842789,2.5655289,2.7217789,2.6592789,2.7061539,2.4874039,1.9249039,0.87802887,0.34677887,0.50302887,0.36240387,0.06552887,-0.02822113,0.14365387,0.22177887,0.44052887,0.59677887,0.48740387,0.17490387,-0.01259613,-0.04384613,0.04990387,0.0030288696,0.12802887,0.25302887,0.11240387,0.04990387,0.19052887,0.54990387,0.64365387,0.33115387,-0.02822113,-0.15322113,-0.07509613,-0.09072113,-0.13759613,-0.26259613,-0.07509613,-0.12197113,-0.40322113
