src/assets/2022081100f000.wind.json
{"header": { "discipline":0, "gribEdition":2, "gribLength":55731, "center":34, "subcenter":0, "refTime":"2022-08-11T00:00:00.000Z", "significanceOfRT":1, "productStatus":0, "productType":1, "productDefinitionTemplate":0, "parameterCategory":2, "parameterNumber":2, "parameterUnit":"m.s-1", "genProcessType":1, "forecastTime":0, "surface1Type":103, "surface1Value":10.0, "surface2Type":255, "surface2Value":-9.999E-252, "gridDefinitionTemplate":0, "numberPoints":40401, "shape":6, "gridUnits":"degrees", "resolution":48, "winds":"true", "scanMode":64, "nx":201, "ny":201, "basicAngle":0, "lo1":90.0, "la1":-5.0, "lo2":140.0, "la2":45.0, "dx":0.25, "dy":0.25 }, "data":
[rows 100 to 124 of 201, columns 56 to 111 of 201]
1.7683334,2.2370834,2.1277084,1.7058334,1.1589584,0.70583344,0.78395844,1.4558334,3.0027084,4.8620834,6.5808334,7.1433334,6.6277084,5.8464584,5.1277084,4.5964584,4.2370834,3.8620834,3.2995834,2.2839584,0.84645844,-0.60666656,-1.8254166,-2.1066666,-2.2316666,-1.9035416,-1.6379166,-1.6222916,-2.1379166,-2.3722916,-2.3722916,-2.3879166,-2.4035416,-2.4816666,-2.6379166,-2.6379166,-2.5597916,-2.6847916,-2.9035416,-2.9816666,-3.0285416,-3.1222916,-3.1379166,-2.8879166,-2.5597916,-2.4191666,-2.3722916,-2.3254166,-2.2004166,-1.9660416,-1.8410416,-1.9972916,-2.3410416,-2.5441666,-2.4035416,-2.0597916
2.5808334,2.8464584,2.5027084,2.2058334,1.5652084,0.98708344,0.89333344,1.4714584,1.9558334,2.4089584,4.4714584,7.1745834,7.4870834,6.6745834,5.6589584,4.8308334,4.3464584,4.1589584,3.6902084,2.5652084,1.1745834,-0.32541656,-1.9972916,-3.0754166,-2.8566666,-2.6066666,-2.4347916,-2.4660416,-2.6222916,-2.5597916,-2.5129166,-2.5597916,-2.5910416,-2.6691666,-2.7785416,-2.7785416,-2.7316666,-2.7941666,-2.9816666,-3.0910416,-3.1535416,-3.2160416,-3.2004166,-2.9347916,-2.6379166,-2.5754166,-2.6379166,-2.6535416,-2.5441666,-2.3254166,-2.2160416,-2.3566666,-2.6535416,-2.6535416,-2.3254166,-1.9972916
2.7058334,2.6745834,1.6589584,1.3308334,0.83083344,1.0964584,1.4402084,1.8464584,2.1433334,2.2527084,3.1589584,6.3933334,7.8777084,7.2214584,5.8620834,4.6120834,3.7683334,3.7683334,3.5964584,2.5495834,1.2683334,-0.122291565,-1.9504166,-2.6066666,-1.8566666,-1.4972916,-1.7941666,-2.6066666,-2.8879166,-2.7941666,-2.7160416,-2.7785416,-2.8097916,-2.8254166,-2.9191666,-2.9660416,-2.9035416,-2.9035416,-3.0285416,-3.1379166,-3.2160416,-3.2785416,-3.2472916,-3.0129166,-2.7941666,-2.8097916,-2.9035416,-2.9347916,-2.8566666,-2.6535416,-2.5441666,-2.7160416,-2.9035416,-2.6691666,-2.2785416,-2.0285416
2.4558334,2.3152084,1.5495834,1.1745834,0.84645844,1.5495834,2.2683334,2.5183334,2.4402084,2.2058334,1.9558334,3.6433334,6.4558334,7.0495834,5.7527084,3.9870834,2.5339584,2.5339584,2.5964584,1.9089584,0.89333344,-0.32541656,-1.9660416,-1.9972916,-1.4816666,-1.7004166,-2.3879166,-2.9035416,-3.0754166,-3.0597916,-3.0597916,-3.0910416,-3.0910416,-3.0910416,-3.1066666,-3.0910416,-3.0285416,-2.9816666,-3.0129166,-3.1066666,-3.2160416,-3.3410416,-3.3410416,-3.1535416,-3.0285416,-3.0597916,-3.1379166,-3.1691666,-3.1066666,-2.9816666,-2.9972916,-3.1535416,-3.0597916,-2.6379166,-2.2941666,-2.2472916
2.9089584,2.5964584,1.4402084,1.0652084,1.2839584,2.1120834,2.5964584,2.3620834,2.0339584,1.7214584,0.98708344,0.95583344,2.0652084,3.0027084,3.5339584,2.5964584,1.1745834,1.0183334,1.2527084,0.83083344,0.14333344,-0.99729156,-2.3879166,-2.2472916,-1.7160416,-1.9347916,-2.4660416,-3.0441666,-3.2316666,-3.3254166,-3.4035416,-3.4191666,-3.3879166,-3.3410416,-3.2941666,-3.1847916,-3.0597916,-2.9660416,-2.9504166,-3.0441666,-3.2472916,-3.4347916,-3.4660416,-3.3410416,-3.2629166,-3.2941666,-3.3254166,-3.3566666,-3.3879166,-3.4347916,-3.4816666,-3.3879166,-3.0441666,-2.6379166,-2.4504166,-2.5285416
2.5964584,1.3464584,0.23708344,0.54958344,1.5339584,2.3933334,2.2995834,1.7058334,1.2370834,0.72145844,-0.26291656,-1.2941666,-2.4504166,-1.9191666,-0.60666656,-0.21604156,-0.74729156,-0.65354156,-0.32541656,-0.51291656,-1.1691666,-1.9972916,-3.6066666,-3.2316666,-1.8566666,-1.5285416,-2.0597916,-3.0285416,-3.5285416,-3.8566666,-3.9347916,-3.8254166,-3.6535416,-3.5441666,-3.4191666,-3.2316666,-3.0441666,-2.9191666,-2.9191666,-3.0597916,-3.3410416,-3.5754166,-3.6379166,-3.5754166,-3.5754166,-3.6222916,-3.6847916,-3.7941666,-3.9191666,-3.9660416,-3.7785416,-3.4191666,-3.0129166,-2.7629166,-2.7316666,-2.8097916
0.87770844,-0.55979156,0.018333435,1.4870834,2.1745834,2.0808334,1.5339584,1.0808334,0.51833344,-0.51291656,-1.9816666,-3.4347916,-4.5285416,-3.5597916,-2.4660416,-2.4347916,-2.5597916,-2.2160416,-2.1379166,-2.1535416,-2.2160416,-2.2472916,-3.2785416,-3.0754166,-1.8722916,-1.8722916,-1.8566666,-2.0285416,-3.2160416,-3.8097916,-3.5910416,-3.4504166,-3.7785416,-3.7941666,-3.4504166,-3.1535416,-2.9972916,-2.9504166,-3.0129166,-3.2160416,-3.5597916,-3.7785416,-3.8722916,-3.9347916,-4.0129166,-4.1066666,-4.2316666,-4.3566666,-4.4191666,-4.2629166,-3.8410416,-3.4347916,-3.1066666,-2.9972916,-2.9816666,-2.9035416
-0.059791565,-0.77854156,0.83083344,2.0183334,2.1745834,1.5808334,0.94020844,0.44020844,-0.46604156,-1.3566666,-2.6691666,-3.3566666,-3.4816666,-2.9816666,-2.2004166,-2.3097916,-2.1535416,-2.1379166,-2.4816666,-2.4972916,-2.4035416,-2.4660416,-2.4816666,-2.3410416,-2.1847916,-2.2160416,-2.2004166,-2.2160416,-2.8722916,-2.3566666,-1.9191666,-2.1691666,-2.8722916,-3.0129166,-2.8879166,-2.9347916,-3.0285416,-3.1379166,-3.2629166,-3.4816666,-3.7785416,-3.9660416,-4.0910416,-4.2472916,-4.3722916,-4.4504166,-4.5285416,-4.5910416,-4.5597916,-4.3097916,-3.9035416,-3.5285416,-3.2472916,-3.1066666,-2.9816666,-2.8097916
-0.82541656,-0.044166565,1.4245834,1.7527084,1.6589584,1.0339584,0.36208344,-0.46604156,-1.4347916,-1.9191666,-2.2472916,-2.7941666,-2.5597916,-2.2629166,-2.4347916,-2.6066666,-2.4816666,-2.3097916,-2.4816666,-2.8097916,-3.0910416,-3.2004166,-2.9035416,-2.3566666,-2.2941666,-3.1379166,-2.9660416,-2.8566666,-3.3566666,-2.1066666,-1.4660416,-1.6847916,-1.9504166,-1.9660416,-2.0129166,-2.0597916,-2.5285416,-3.1066666,-3.3879166,-3.8566666,-4.1066666,-4.2004166,-4.3410416,-4.5597916,-4.6535416,-4.6847916,-4.7004166,-4.7004166,-4.6222916,-4.3566666,-3.9816666,-3.6379166,-3.2785416,-3.0129166,-2.8254166,-2.7160416
0.15895844,1.2527084,1.0808334,1.0183334,0.84645844,0.56520844,-0.091041565,-0.96604156,-2.0285416,-2.0285416,-2.1535416,-3.1379166,-3.1379166,-2.9504166,-3.0285416,-3.0441666,-3.1535416,-3.1066666,-2.9660416,-3.2004166,-3.3254166,-3.3097916,-2.7785416,-2.2941666,-2.1535416,-2.4972916,-2.5285416,-2.4347916,-2.1379166,-1.8254166,-1.5441666,-1.3410416,-1.7316666,-1.7316666,-1.5754166,-1.5910416,-1.7160416,-1.7941666,-2.7160416,-3.8410416,-3.5910416,-4.2316666,-4.6691666,-4.8879166,-4.9972916,-4.9816666,-4.8879166,-4.8410416,-4.7316666,-4.3722916,-3.9816666,-3.6222916,-3.1847916,-2.8097916,-2.6847916,-2.7004166
1.3777084,1.1589584,0.59645844,0.47145844,0.54958344,0.26833344,-0.122291565,-1.0597916,-1.9035416,-1.9035416,-2.2785416,-2.5597916,-2.8722916,-3.2941666,-3.6691666,-3.7629166,-3.8879166,-3.7629166,-3.3097916,-3.2004166,-3.1066666,-2.9504166,-2.6222916,-2.5129166,-2.3410416,-2.4191666,-2.3879166,-2.3410416,-1.8879166,-1.9816666,-2.0441666,-1.8566666,-1.9191666,-1.8879166,-1.5285416,-1.6222916,-1.7785416,-1.7160416,-2.8722916,-3.7316666,-2.7472916,-3.9347916,-4.6379166,-5.0754166,-5.4660416,-5.3410416,-5.0441666,-5.1379166,-4.9035416,-4.4347916,-3.9191666,-3.5285416,-3.0597916,-2.6847916,-2.6222916,-2.7004166
0.72145844,-0.16916656,-0.028541565,0.50270844,0.86208344,-0.044166565,-0.32541656,-0.98166656,-2.0285416,-3.2785416,-3.5441666,-2.5129166,-2.7785416,-3.4035416,-3.4660416,-3.5597916,-3.8097916,-4.2629166,-4.1691666,-3.5129166,-3.4660416,-3.2629166,-2.8410416,-2.6535416,-2.6066666,-2.6066666,-2.4660416,-2.2785416,-2.3566666,-2.6535416,-2.5285416,-2.3566666,-2.2941666,-2.1066666,-1.8410416,-1.8254166,-1.9816666,-1.8879166,-2.7316666,-2.9504166,-2.4504166,-2.9972916,-2.6379166,-3.0910416,-4.3097916,-4.1379166,-3.5441666,-4.4191666,-4.4035416,-3.9191666,-3.6535416,-3.3410416,-2.9035416,-2.6222916,-2.6222916,-2.7004166
-0.66916656,-1.4035416,-0.60666656,0.58083344,0.89333344,-0.122291565,-0.35666656,-0.74729156,-1.6066666,-3.3722916,-3.2785416,-2.6847916,-3.1535416,-3.4191666,-2.8566666,-2.6535416,-2.9347916,-3.7472916,-3.9972916,-3.7785416,-3.8566666,-3.9972916,-3.4191666,-2.6691666,-2.7160416,-3.5597916,-4.0129166,-3.5129166,-2.7785416,-2.8722916,-2.6535416,-2.5441666,-2.5285416,-2.3410416,-2.1066666,-1.9504166,-2.0910416,-2.1066666,-2.2160416,-2.1691666,-2.1379166,-1.9504166,-1.5910416,-1.4504166,-1.5597916,-1.4035416,-1.4035416,-1.7316666,-1.6535416,-1.7629166,-2.6066666,-3.1379166,-2.9504166,-2.7316666,-2.7160416,-2.7472916
-1.0129166,-0.93479156,-0.68479156,0.002708435,0.25270844,-0.59104156,-0.60666656,-1.1379166,-1.6847916,-3.2629166,-3.9347916,-3.1066666,-2.8879166,-3.1535416,-2.9504166,-2.5129166,-2.2785416,-2.9972916,-3.2785416,-3.9035416,-3.9035416,-4.0441666,-4.0441666,-3.6535416,-3.2472916,-3.7160416,-3.7629166,-3.4191666,-2.7941666,-2.7160416,-2.6847916,-2.7004166,-2.6535416,-2.3254166,-2.1379166,-2.0441666,-2.0910416,-2.1847916,-2.1379166,-1.9972916,-1.8410416,-1.5910416,-1.3254166,-1.2785416,-1.4191666,-1.2316666,-1.1222916,-1.1691666,-1.0441666,-1.1379166,-1.8097916,-2.7160416,-3.2160416,-3.0597916,-2.9191666,-2.7629166
-0.57541656,-1.0129166,-1.2004166,-1.0754166,-1.2785416,-1.9347916,-1.8097916,-1.2785416,-1.2629166,-2.2785416,-3.4191666,-3.6379166,-2.5910416,-2.8410416,-3.4035416,-3.2472916,-2.1535416,-2.4816666,-3.1847916,-4.1379166,-3.7785416,-3.4816666,-3.7941666,-4.3410416,-3.9191666,-3.2785416,-3.1066666,-3.2160416,-2.9660416,-2.7629166,-2.4972916,-2.5597916,-2.6379166,-2.3254166,-2.2629166,-2.0754166,-1.9972916,-2.0129166,-1.8722916,-1.7941666,-1.6222916,-1.3566666,-1.2472916,-1.2316666,-1.3566666,-1.3879166,-1.3254166,-1.4191666,-1.1379166,-1.0597916,-1.3097916,-1.7160416,-2.5597916,-2.8879166,-2.9035416,-2.5910416
-0.88791656,-1.5910416,-1.6222916,-1.7629166,-2.7785416,-2.9972916,-2.1222916,-1.1379166,-0.90354156,-2.0597916,-1.9972916,-2.4035416,-3.2629166,-4.2004166,-5.1379166,-5.9972916,-4.2160416,-5.1066666,-6.0441666,-5.1535416,-4.0910416,-3.3254166,-3.4972916,-5.5129166,-5.4972916,-3.7160416,-2.6379166,-2.6535416,-2.8254166,-2.8254166,-2.4660416,-2.2629166,-2.3566666,-2.1379166,-2.1379166,-1.7629166,-1.6066666,-1.6222916,-1.4504166,-1.6691666,-1.8566666,-1.3097916,-0.96604156,-0.93479156,-1.0754166,-1.2629166,-1.2004166,-1.0441666,-1.2316666,-1.0285416,-0.99729156,-0.93479156,-0.95041656,-1.3254166,-1.7316666,-1.6691666
-1.3097916,-1.1847916,-1.4035416,-1.7472916,-1.9816666,-1.6222916,-1.1379166,-0.90354156,-0.30979156,-0.82541656,-1.8879166,-3.0597916,-4.5597916,-4.5910416,-4.9191666,-6.9035416,-6.2316666,-6.1535416,-6.1222916,-6.0910416,-5.1847916,-3.5285416,-2.7160416,-3.8254166,-3.8879166,-3.1535416,-2.4504166,-2.3722916,-2.4191666,-2.7160416,-2.4816666,-2.3097916,-1.9972916,-1.7316666,-1.8254166,-1.5910416,-1.4347916,-1.4191666,-1.3410416,-1.4504166,-1.6379166,-1.2316666,-0.88791656,-0.79416656,-0.73166656,-1.0129166,-1.1066666,-0.82541656,-1.0285416,-1.2004166,-1.0129166,-0.87229156,-0.66916656,-0.59104156,-0.59104156,-0.54416656
-1.3879166,-1.1066666,-1.1066666,-1.1379166,-0.79416656,-0.91916656,-1.1535416,-0.63791656,-0.012916565,-1.0441666,-3.1535416,-4.3410416,-4.7941666,-4.8879166,-5.6222916,-6.7316666,-6.3254166,-5.7316666,-5.9504166,-6.2004166,-4.9816666,-3.1222916,-2.8097916,-3.6222916,-3.8566666,-3.2316666,-2.5441666,-2.2785416,-2.4347916,-2.3879166,-2.4504166,-2.2785416,-2.0129166,-1.5285416,-1.4972916,-1.3879166,-1.3410416,-1.3566666,-1.2629166,-1.3879166,-1.4035416,-1.1379166,-0.95041656,-0.85666656,-0.79416656,-0.96604156,-1.2629166,-1.0754166,-0.95041656,-1.0129166,-0.90354156,-0.80979156,-0.71604156,-0.43479156,-0.13791656,0.080833435
-1.4504166,-0.77854156,-0.55979156,-0.66916656,-0.59104156,-1.0285416,-1.6222916,-1.0910416,-0.43479156,-2.0441666,-4.0597916,-4.4972916,-4.9347916,-4.5910416,-5.0285416,-5.3410416,-5.2472916,-5.3566666,-4.7941666,-5.2629166,-4.6379166,-3.7785416,-4.6691666,-5.5129166,-5.3097916,-4.7629166,-3.6066666,-3.0910416,-3.1379166,-2.1222916,-1.9347916,-1.7316666,-1.5441666,-1.2785416,-1.0910416,-1.2160416,-1.3097916,-0.99729156,-0.62229156,-0.82541656,-0.90354156,-0.76291656,-0.90354156,-1.1222916,-1.3097916,-1.2941666,-1.2004166,-1.1847916,-1.0129166,-0.82541656,-0.55979156,-0.48166656,-0.63791656,-0.23166656,0.096458435,0.34645844
-1.7160416,-0.59104156,-0.13791656,-0.74729156,-1.1691666,-1.1379166,-1.2941666,-1.2004166,-1.2004166,-2.4504166,-3.8410416,-3.7004166,-4.3879166,-4.3722916,-4.9972916,-4.6222916,-3.4504166,-3.5285416,-3.7472916,-4.3254166,-3.4191666,-3.8566666,-3.7785416,-3.5597916,-3.0285416,-3.4347916,-4.1535416,-3.4347916,-2.4191666,-1.2316666,-0.90354156,-1.4816666,-1.4660416,-0.87229156,-0.48166656,-0.96604156,-1.3566666,-0.87229156,-0.26291656,-0.49729156,-0.80979156,-0.77854156,-0.95041656,-1.4504166,-1.8722916,-1.9816666,-1.2785416,-1.0597916,-0.82541656,-0.55979156,-0.34104156,-0.45041656,-0.73166656,-0.18479156,0.19020844,0.37770844
-2.0910416,-0.93479156,-0.90354156,-0.98166656,-0.62229156,-0.74729156,-1.0754166,-0.88791656,-1.0441666,-2.4660416,-2.9035416,-2.7160416,-3.2785416,-4.2004166,-5.1066666,-3.5441666,-1.5754166,-2.1691666,-2.6691666,-2.5754166,-2.2160416,-2.6847916,-2.1691666,-2.0285416,-1.9972916,-2.3254166,-2.7316666,-1.8722916,-1.3566666,-0.93479156,-0.54416656,-1.3410416,-1.6379166,-0.79416656,-0.012916565,-0.70041656,-1.8410416,-1.6066666,-0.60666656,-0.34104156,-0.79416656,-0.84104156,-0.74729156,-1.0441666,-1.3097916,-1.7004166,-1.4972916,-1.0910416,-0.77854156,-0.46604156,-0.20041656,-0.41916656,-0.71604156,-0.26291656,0.096458435,0.31520844
-2.0597916,-1.5754166,-1.1222916,-0.57541656,-0.57541656,-1.1379166,-1.1535416,-0.044166565,-0.84104156,-2.7004166,-1.7160416,-1.2785416,-2.0910416,-3.2941666,-4.7472916,-3.9660416,-1.3254166,-0.80979156,-1.2629166,-1.4347916,-1.1691666,-0.95041656,-1.4035416,-2.0129166,-1.9504166,-1.0597916,-1.0910416,-1.2472916,-1.2785416,-0.79416656,-0.20041656,-0.57541656,-1.3097916,-1.0597916,-1.0285416,-1.9191666,-2.1066666,-1.8566666,-1.4660416,-0.68479156,-0.57541656,-0.62229156,-0.59104156,-1.0597916,-1.0754166,-0.77854156,-0.91916656,-0.62229156,-0.59104156,-0.35666656,0.002708435,-0.27854156,-0.40354156,-0.15354156,-0.15354156,0.12770844
-1.5910416,-1.4191666,-0.90354156,-0.45041656,-0.62229156,-0.74729156,-0.59104156,0.20583344,-1.5597916,-3.5910416,-2.0441666,-1.0597916,-1.2004166,-1.7004166,-3.4035416,-3.9504166,-1.9660416,-1.0441666,-1.6222916,-2.1379166,-1.8722916,-1.7785416,-1.3097916,-1.4816666,-1.5910416,-0.71604156,-0.57541656,-0.91916656,-1.1535416,-0.96604156,-0.52854156,-0.59104156,-1.1066666,-1.0129166,-1.1535416,-1.7160416,-1.4504166,-1.2316666,-1.4347916,-0.99729156,-0.49729156,-0.37229156,-0.41916656,-0.85666656,-0.82541656,-0.48166656,-0.43479156,-0.106666565,-0.23166656,-0.15354156,0.12770844,-0.13791656,-0.52854156,-0.35666656,-0.20041656,0.018333435
-1.7785416,-1.3097916,-0.63791656,-0.37229156,-0.21604156,-0.028541565,-0.075416565,0.018333435,-1.8254166,-3.6691666,-3.2629166,-3.1847916,-2.3722916,-1.8410416,-2.5597916,-3.1379166,-2.5129166,-2.0441666,-2.9660416,-3.0910416,-2.9504166,-2.3254166,-1.1222916,-0.74729156,-1.1379166,-0.87229156,-0.76291656,-0.80979156,-0.98166656,-1.0441666,-1.2160416,-1.1847916,-1.1847916,-0.91916656,-0.73166656,-0.90354156,-1.1535416,-1.1691666,-1.3254166,-1.1691666,-0.45041656,-0.18479156,-0.32541656,-0.23166656,-0.028541565,-0.23166656,-0.26291656,0.15895844,0.096458435,-0.091041565,0.12770844,0.065208435,-0.26291656,-0.32541656,-0.18479156,0.096458435
-1.2785416,-0.95041656,-0.45041656,-0.18479156,0.20583344,0.15895844,-0.075416565,-0.41916656,-1.4504166,-2.8254166,-3.7472916,-4.3566666,-4.0754166,-3.5597916,-3.1535416,-2.1379166,-1.8097916,-1.7941666,-1.7785416,-1.8410416,-2.2316666,-1.2785416,-0.62229156,-0.43479156,-0.74729156,-0.76291656,-0.71604156,-0.66916656,-0.70041656,-0.51291656,-0.74729156,-0.93479156,-1.0910416,-0.93479156,-0.91916656,-1.0597916,-0.87229156,-0.68479156,-0.77854156,-0.93479156,-0.65354156,-0.32541656,-0.27854156,0.29958344,0.54958344,0.14333344,0.018333435,0.25270844,0.28395844,0.17458344,0.112083435,0.080833435,-0.028541565,-0.106666565,-0.059791565,0.065208435
