src/assets/2022081100f000.wind.json
{"header": { "discipline":0, "gribEdition":2, "gribLength":60781, "center":34, "subcenter":0, "refTime":"2022-08-11T00:00:00.000Z", "significanceOfRT":1, "productStatus":0, "productType":1, "productDefinitionTemplate":0, "parameterCategory":2, "parameterNumber":3, "parameterUnit":"m.s-1", "genProcessType":1, "forecastTime":0, "surface1Type":103, "surface1Value":10.0, "surface2Type":255, "surface2Value":-9.999E-252, "gridDefinitionTemplate":0, "numberPoints":40401, "shape":6, "gridUnits":"degrees", "resolution":48, "winds":"true", "scanMode":64, "nx":201, "ny":201, "basicAngle":0, "lo1":90.0, "la1":-5.0, "lo2":140.0, "la2":45.0, "dx":0.25, "dy":0.25 }, "data":
[rows 52 to 77 of 201, columns 0 to 57 of 201]
7.0931587,7.1400337,7.1869087,7.2494087,7.2962837,7.2962837,7.2337837,7.1400337,7.0931587,7.0619087,6.9994087,6.9212837,6.8275337,6.7181587,6.6400337,6.5619087,6.3587837,6.1712837,6.0306587,5.9212837,5.7650337,5.5619087,5.2650337,4.8744087,4.4056587,3.9525337,3.5306587,3.0462837,2.5150337,2.0931587,1.7181587,1.3744087,1.0619087,0.6869087,0.34315872,0.14003372,0.09315872,0.17128372,0.09315872,0.26503372,0.7962837,1.1712837,2.1869087,3.0775337,3.4525337,3.5619087,3.5150337,3.4369087,3.2962837,3.2337837,3.3275337,3.4681587,3.5150337,3.5306587,3.5931587,3.6712837,3.7025337,3.7650337
7.0931587,7.1400337,7.2025337,7.2806587,7.3587837,7.3431587,7.2962837,7.1869087,7.0931587,7.0462837,6.9837837,6.9212837,6.8431587,6.7181587,6.6087837,6.5306587,6.3744087,6.1869087,6.0462837,5.9056587,5.7337837,5.4994087,5.2181587,4.8744087,4.4369087,3.9212837,3.4369087,2.9369087,2.4525337,2.0775337,1.7337837,1.3587837,0.8744087,0.14003372,-0.20371628,-0.07871628,0.21815872,0.31190872,-0.06309128,0.29628372,1.2337837,2.2181587,3.2025337,3.4837837,3.5931587,3.6087837,3.5150337,3.3119087,3.0619087,2.9369087,3.0619087,3.2962837,3.4681587,3.5619087,3.6869087,3.8275337,3.8744087,3.8119087
7.0306587,7.1087837,7.1869087,7.2962837,7.3744087,7.3744087,7.3275337,7.2337837,7.1087837,6.9994087,6.9525337,6.8900337,6.8275337,6.7181587,6.5775337,6.4212837,6.2806587,6.1712837,6.0306587,5.9056587,5.7650337,5.5306587,5.2494087,4.9525337,4.5619087,4.0150337,3.4525337,2.9212837,2.4369087,2.0775337,1.7337837,1.4056587,0.9369087,0.061908722,-0.14121628,0.17128372,0.45253372,0.31190872,0.15565872,0.6244087,1.7025337,3.0931587,3.8900337,3.9525337,3.8900337,3.8119087,3.6556587,3.4369087,3.0931587,2.8744087,2.8275337,2.9994087,3.2337837,3.4369087,3.6712837,3.9369087,4.1087837,4.1244087
6.8744087,6.9525337,7.0619087,7.2181587,7.3119087,7.3275337,7.2962837,7.2337837,7.1087837,6.9837837,6.8900337,6.8431587,6.7650337,6.6087837,6.4212837,6.2025337,6.0619087,5.9994087,5.9212837,5.8119087,5.7025337,5.5150337,5.2650337,5.0150337,4.6869087,4.2337837,3.7181587,3.1869087,2.7494087,2.4056587,2.0619087,1.7806587,1.5306587,0.7337837,0.12440872,0.34315872,0.8431587,1.0619087,0.8587837,0.7650337,1.8587837,3.0775337,3.6400337,3.8275337,3.8587837,3.7962837,3.6400337,3.3587837,2.9837837,2.5931587,2.4056587,2.4525337,2.6869087,2.9525337,3.2806587,3.7025337,4.0462837,4.2806587
6.6712837,6.7650337,6.8900337,7.0306587,7.1556587,7.1869087,7.1869087,7.2025337,7.1400337,6.9994087,6.8744087,6.7962837,6.6712837,6.4681587,6.2337837,5.9837837,5.7650337,5.6712837,5.6244087,5.5775337,5.5150337,5.3744087,5.1556587,4.9525337,4.6869087,4.3744087,3.9994087,3.5306587,3.1400337,2.7806587,2.4056587,2.1087837,2.0306587,1.4212837,0.31190872,0.35878372,1.0150337,1.5931587,1.4212837,0.6244087,1.3275337,2.2650337,2.8431587,3.1400337,3.2962837,3.3119087,3.1556587,2.8587837,2.4837837,2.1869087,2.0462837,2.0931587,2.2806587,2.4837837,2.7806587,3.2025337,3.6400337,4.0619087
6.4525337,6.4525337,6.5306587,6.7181587,6.9056587,7.0462837,7.1400337,7.1869087,7.1869087,7.0619087,6.9369087,6.7962837,6.6087837,6.3587837,6.1087837,5.8119087,5.5306587,5.3275337,5.2181587,5.1869087,5.2181587,5.2025337,5.0931587,4.9056587,4.6869087,4.4681587,4.1400337,3.6712837,3.2494087,2.8744087,2.4681587,2.2181587,2.2806587,1.9056587,0.46815872,0.42128372,0.9056587,1.8900337,2.5931587,1.3744087,1.3431587,1.9681587,2.3119087,2.5462837,2.6556587,2.6400337,2.4525337,2.2181587,1.9837837,1.8431587,1.8587837,1.9681587,2.1087837,2.2181587,2.3900337,2.7025337,3.1244087,3.6712837
6.4056587,6.2806587,6.2806587,6.4681587,6.7650337,7.0306587,7.1400337,7.1712837,7.2181587,7.1400337,7.0306587,6.8587837,6.6087837,6.3119087,6.0306587,5.7181587,5.4369087,5.2025337,4.9994087,4.8744087,4.8431587,4.9212837,4.9681587,4.8900337,4.7337837,4.4525337,3.9994087,3.4056587,2.9212837,2.5931587,2.3431587,2.2181587,2.4525337,2.5775337,1.2181587,0.45253372,0.6244087,1.8431587,3.1087837,2.8119087,2.3431587,2.3119087,2.3744087,2.3587837,2.2806587,2.1244087,1.9212837,1.7494087,1.6400337,1.6556587,1.7650337,1.9525337,2.0775337,2.1244087,2.2025337,2.3275337,2.6087837,3.1556587
6.3900337,6.2806587,6.2337837,6.3900337,6.6556587,6.9525337,7.0619087,7.1087837,7.1400337,7.0931587,6.9994087,6.8431587,6.5619087,6.2962837,6.0619087,5.7650337,5.5462837,5.2806587,5.0306587,4.8587837,4.7494087,4.7337837,4.7650337,4.7962837,4.6400337,4.2650337,3.7337837,3.2025337,2.7962837,2.5775337,2.4837837,2.4212837,2.5150337,3.0306587,2.0775337,0.5306587,0.6400337,1.7025337,2.4369087,2.6869087,2.4837837,2.3587837,2.3119087,2.2181587,2.0931587,1.9212837,1.7494087,1.6087837,1.5150337,1.5150337,1.6244087,1.8275337,1.9525337,2.0150337,2.0619087,2.0931587,2.2337837,2.5931587
6.2337837,6.2025337,6.1869087,6.3119087,6.5150337,6.7337837,6.9056587,6.9837837,6.9994087,6.9369087,6.8587837,6.7494087,6.5150337,6.3119087,6.0775337,5.8431587,5.6244087,5.4212837,5.2650337,5.1400337,4.9994087,4.8275337,4.6869087,4.5775337,4.4056587,4.0462837,3.6556587,3.3119087,3.0619087,2.9525337,2.8587837,2.7650337,2.7025337,2.9212837,2.1556587,0.5931587,0.5150337,1.2494087,1.7337837,2.0150337,2.0775337,2.0306587,1.9681587,1.8744087,1.7806587,1.7025337,1.5931587,1.5462837,1.5150337,1.4994087,1.5619087,1.6869087,1.7337837,1.7650337,1.7962837,1.7650337,1.7806587,2.0619087
6.0619087,6.0931587,6.1400337,6.2337837,6.3900337,6.5619087,6.7337837,6.8275337,6.8431587,6.7650337,6.6087837,6.6087837,6.5150337,6.2806587,6.1087837,5.9525337,5.7650337,5.6087837,5.5150337,5.4525337,5.3431587,5.1244087,4.8275337,4.5306587,4.2962837,4.0150337,3.7337837,3.5462837,3.4369087,3.3275337,3.1244087,2.9525337,2.8275337,2.7806587,1.8744087,0.5150337,0.28065872,0.7181587,1.1712837,1.4369087,1.5462837,1.5619087,1.5306587,1.4681587,1.4369087,1.4369087,1.4681587,1.5306587,1.5931587,1.5931587,1.5931587,1.5619087,1.5150337,1.4994087,1.3900337,1.0150337,0.9369087,1.8275337
6.0462837,6.0775337,6.1244087,6.2025337,6.3587837,6.5150337,6.6556587,6.7650337,6.8587837,5.9525337,4.5462837,5.9525337,6.3275337,6.2337837,6.1400337,6.0150337,5.8744087,5.7337837,5.6400337,5.5775337,5.4837837,5.3119087,5.0462837,4.7650337,4.4994087,4.1869087,3.8119087,3.5619087,3.4212837,3.2806587,3.0775337,2.8431587,2.6712837,2.6087837,1.6400337,0.42128372,0.23378372,0.49940872,0.9837837,1.2494087,1.2806587,1.2494087,1.2337837,1.2181587,1.2337837,1.2962837,1.3900337,1.4994087,1.5619087,1.5775337,1.5462837,1.4837837,1.3744087,1.3431587,1.0619087,0.20253372,0.31190872,1.4837837
6.0462837,6.1087837,6.1400337,6.1869087,6.3744087,6.5619087,6.6869087,6.7806587,6.9369087,5.4056587,2.9681587,5.2025337,6.0775337,6.1712837,6.1400337,5.9994087,5.7962837,5.6400337,5.5306587,5.4369087,5.3744087,5.2962837,5.2025337,5.0462837,4.7337837,4.2962837,3.8431587,3.4681587,3.2337837,3.0775337,2.9056587,2.6869087,2.4994087,2.4369087,1.6400337,0.40565872,0.20253372,0.37440872,0.8900337,1.1556587,0.9837837,0.7962837,0.7181587,0.7806587,0.9525337,1.1244087,1.2962837,1.3900337,1.4525337,1.4837837,1.4837837,1.4056587,1.1712837,1.0775337,1.1556587,0.43690872,0.35878372,1.1244087
6.0150337,6.0775337,6.1087837,6.1400337,6.3431587,6.5619087,6.7494087,6.8431587,6.8900337,6.4212837,5.2494087,5.6087837,5.9994087,6.0619087,5.9994087,5.7494087,5.4681587,5.2650337,5.1087837,5.0150337,4.9525337,4.9681587,5.0306587,4.9837837,4.7181587,4.2650337,3.8275337,3.4369087,3.1556587,2.9837837,2.8431587,2.6712837,2.4525337,2.3275337,2.0775337,0.9837837,0.24940872,0.20253372,0.7494087,1.1087837,0.8119087,0.49940872,0.32753372,0.34315872,0.48378372,0.7181587,0.9369087,1.0775337,1.1556587,1.1869087,1.2181587,1.2650337,0.8587837,0.42128372,0.9994087,1.1244087,0.8431587,1.3275337
5.9837837,5.9994087,6.0306587,6.0775337,6.2025337,6.3744087,6.5775337,6.7025337,6.7650337,6.6556587,6.3119087,6.1087837,5.9837837,5.8587837,5.6712837,5.4056587,5.1400337,4.9525337,4.8275337,4.7494087,4.7181587,4.7181587,4.6869087,4.6087837,4.3744087,4.0462837,3.7337837,3.4525337,3.2337837,3.0775337,2.9369087,2.7806587,2.5462837,2.2494087,2.1556587,1.1712837,0.35878372,0.14003372,0.5931587,1.6556587,2.0619087,1.9212837,1.5931587,1.1244087,0.7337837,0.5150337,0.5462837,0.6712837,0.8119087,0.8587837,0.8275337,0.8587837,0.6244087,0.26503372,0.40565872,0.9212837,1.1400337,1.4994087
6.0306587,5.9525337,5.9212837,5.9369087,5.9525337,6.0462837,6.2025337,6.3431587,6.4369087,6.4837837,6.0306587,5.6712837,5.7650337,5.5150337,5.3119087,5.2025337,5.0775337,4.9681587,4.8587837,4.7650337,4.7181587,4.6087837,4.4056587,4.1712837,3.9056587,3.6869087,3.5619087,3.4212837,3.3119087,3.1869087,3.0306587,2.8744087,2.6400337,2.1244087,1.7337837,1.0462837,0.46815872,0.24940872,0.34315872,1.9056587,3.1869087,3.2650337,2.9212837,2.3119087,1.5775337,0.8744087,0.49940872,0.43690872,0.5306587,0.5619087,0.40565872,0.061908722,0.030658722,0.061908722,0.42128372,1.1087837,1.3119087,1.2806587
6.1556587,6.0306587,5.8744087,5.7650337,5.7025337,5.6869087,5.7962837,5.8900337,5.9681587,6.1556587,4.0306587,3.1244087,5.0306587,5.2025337,5.1712837,5.2337837,5.2337837,5.1869087,5.0931587,4.9681587,4.8275337,4.5775337,4.1712837,3.7806587,3.4369087,3.2806587,3.2650337,3.2806587,3.2650337,3.2181587,3.0462837,2.8744087,2.7494087,2.1087837,1.0619087,0.6556587,0.5775337,0.42128372,0.21815872,1.3119087,2.8587837,3.1244087,2.8900337,2.6556587,2.2962837,1.7337837,1.1869087,0.8119087,0.6087837,0.43690872,-0.07871628,-0.5787163,0.061908722,0.5150337,0.8119087,1.3275337,1.7181587,1.7181587
6.2494087,6.1712837,6.0150337,5.8431587,5.6712837,5.5775337,5.5931587,5.6400337,5.6869087,5.8119087,4.3119087,3.1400337,4.4837837,5.0931587,5.2650337,5.3900337,5.4212837,5.4212837,5.2962837,5.0931587,4.8744087,4.5150337,4.0462837,3.5775337,3.2025337,3.0775337,3.0931587,3.1556587,3.1869087,3.1400337,2.9994087,2.7806587,2.6400337,2.4525337,1.6400337,0.7494087,0.5306587,0.5150337,0.5462837,1.1244087,2.3744087,2.6869087,2.6244087,2.5775337,2.5462837,2.2962837,1.8275337,1.3431587,0.8431587,0.40565872,-0.12559128,-0.21934128,0.7337837,1.3744087,1.3275337,1.0462837,0.9369087,1.2494087
6.3119087,6.2806587,6.2025337,6.0619087,5.8744087,5.7181587,5.6244087,5.5775337,5.5306587,5.4837837,4.9681587,2.8587837,3.4681587,5.0775337,5.4056587,5.5462837,5.6244087,5.5619087,5.3900337,5.1087837,4.8275337,4.4369087,3.9681587,3.5150337,3.1556587,3.0462837,3.0306587,3.0462837,3.0150337,2.9212837,2.8119087,2.6244087,2.4681587,2.2181587,1.3744087,0.6244087,0.43690872,0.5462837,0.9837837,0.9681587,1.5462837,2.2337837,2.4369087,2.5150337,2.4837837,2.3900337,2.0775337,1.6244087,0.9681587,0.37440872,0.34315872,0.5619087,0.9994087,1.5306587,1.0150337,0.6869087,0.7806587,0.6712837
6.4681587,6.3587837,6.2962837,6.2337837,6.2025337,6.1244087,5.9525337,5.8744087,5.6869087,5.5619087,5.3275337,2.6869087,3.1556587,5.1556587,5.6087837,5.6869087,5.7025337,5.5931587,5.2962837,5.0306587,4.7181587,4.3275337,3.9212837,3.5462837,3.2494087,3.0931587,2.9994087,2.9056587,2.7650337,2.6556587,2.5306587,2.4994087,2.4369087,1.9994087,1.0150337,0.6712837,0.48378372,0.7025337,1.4837837,1.2337837,1.2650337,2.1087837,2.3587837,2.3431587,2.1712837,1.8275337,1.4837837,1.4369087,0.6869087,0.40565872,0.9994087,2.0931587,1.9369087,1.4369087,0.9369087,0.7962837,0.8275337,0.7806587
6.5775337,6.4681587,6.3587837,6.3119087,6.3744087,6.4056587,6.3431587,6.2806587,6.1087837,5.9525337,5.7962837,3.1244087,3.3744087,5.3587837,5.7650337,5.7806587,5.7025337,5.4994087,5.2025337,4.9056587,4.5931587,4.2025337,3.8587837,3.5619087,3.3119087,3.1244087,2.9837837,2.8119087,2.6244087,2.4525337,2.3431587,2.3275337,2.3587837,2.1712837,1.4837837,0.7962837,0.6244087,0.8431587,1.0619087,0.9369087,1.3275337,2.1400337,2.2962837,2.2025337,1.5619087,0.9681587,0.7650337,0.9212837,0.5931587,0.7806587,1.4369087,3.3275337,3.1556587,1.6244087,1.3119087,1.2650337,1.3275337,1.0619087
6.5775337,6.5306587,6.4525337,6.4525337,6.5306587,6.5619087,6.5931587,6.5931587,6.4837837,6.3900337,6.3587837,4.8431587,4.1556587,5.5150337,5.9056587,5.8587837,5.6712837,5.4056587,5.0931587,4.7337837,4.4212837,4.0931587,3.7962837,3.5462837,3.3119087,3.1087837,2.9212837,2.7181587,2.5150337,2.2650337,2.1244087,2.0931587,2.0931587,1.7806587,0.9837837,0.46815872,0.7494087,0.7962837,0.5775337,0.8119087,1.2806587,1.9525337,2.1244087,2.1712837,1.3900337,0.8587837,0.9369087,1.0462837,1.1712837,1.4056587,1.7337837,2.3431587,2.1869087,1.7025337,1.6087837,1.5462837,2.1400337,1.1556587
6.6712837,6.5775337,6.5462837,6.5775337,6.6712837,6.7025337,6.7337837,6.7181587,6.6869087,6.7025337,6.7806587,6.1087837,3.0306587,4.6869087,5.8587837,5.8431587,5.5462837,5.2650337,4.9212837,4.5306587,4.2181587,3.9837837,3.7337837,3.5462837,3.2962837,3.0619087,2.8431587,2.6087837,2.4056587,2.1400337,1.9212837,1.7962837,1.5619087,0.7806587,0.030658722,0.28065872,1.2806587,1.0306587,0.34315872,0.31190872,0.8900337,1.5306587,1.7494087,2.0619087,1.5619087,1.2025337,1.4056587,1.3587837,1.5619087,1.5775337,1.6556587,1.4837837,1.4994087,1.4369087,1.2806587,1.4212837,1.7494087,1.3275337
6.7962837,6.6712837,6.6400337,6.6556587,6.7181587,6.7962837,6.7962837,6.7494087,6.7181587,6.7181587,6.8275337,6.5150337,4.0775337,4.8431587,5.6869087,5.7181587,5.4056587,5.0775337,4.7181587,4.3431587,4.0931587,3.8900337,3.7025337,3.5150337,3.2962837,2.9681587,2.7181587,2.4681587,2.2650337,2.0619087,1.7962837,1.5306587,1.0150337,0.07753372,-0.047466278,0.5306587,1.4369087,1.1087837,0.34315872,0.17128372,0.6244087,1.0306587,1.2494087,1.4369087,1.3587837,1.2806587,1.5150337,1.5619087,1.6400337,1.4994087,1.3587837,1.3119087,1.3900337,1.4212837,1.6087837,1.4056587,1.3744087,1.6244087
6.9837837,6.8119087,6.7337837,6.7494087,6.7494087,6.7962837,6.8119087,6.7494087,6.6712837,6.5775337,6.6244087,6.6244087,5.9056587,5.5931587,5.6712837,5.5462837,5.2650337,4.8900337,4.5306587,4.2025337,3.9994087,3.8431587,3.6712837,3.4994087,3.1869087,2.8119087,2.4681587,2.2025337,1.9994087,1.8275337,1.5775337,1.1869087,0.5775337,-0.12559128,0.24940872,0.6712837,0.9994087,0.7025337,0.23378372,0.39003372,0.7025337,0.9681587,1.2806587,1.2494087,1.2337837,1.2181587,1.2650337,1.2806587,1.1400337,1.1556587,1.3900337,1.6244087,1.5931587,1.5306587,1.6087837,1.4212837,1.4369087,1.5619087
7.2962837,7.0775337,6.9369087,6.8119087,6.7181587,6.6712837,6.6556587,6.6244087,6.5150337,6.3900337,6.3431587,6.3431587,6.2025337,5.8900337,5.6556587,5.4369087,5.1244087,4.7650337,4.4056587,4.1556587,3.9681587,3.7806587,3.6087837,3.3587837,2.9525337,2.4056587,1.9525337,1.6869087,1.5306587,1.3900337,1.1556587,0.7494087,0.24940872,0.17128372,0.34315872,0.21815872,-0.12559128,0.12440872,0.43690872,0.6712837,0.9212837,1.1869087,1.4369087,1.4681587,1.2025337,0.6712837,0.8119087,1.0306587,0.9681587,1.3431587,1.9994087,2.3119087,1.7650337,1.5462837,1.5462837,1.3119087,1.1244087,0.9994087
7.6244087,7.4369087,7.2181587,6.9525337,6.7181587,6.5619087,6.4369087,6.3900337,6.2962837,6.2337837,6.2181587,6.2025337,6.1087837,5.8744087,5.6400337,5.3900337,5.0931587,4.7650337,4.4056587,4.1087837,3.8744087,3.6087837,3.4056587,3.1400337,2.6712837,1.9681587,1.3900337,1.1712837,1.1712837,1.0619087,0.8275337,0.35878372,-0.06309128,0.18690872,0.37440872,-0.14121628,-0.6412163,0.030658722,0.7337837,1.0462837,1.2181587,1.4212837,1.6087837,1.6712837,1.3431587,0.5931587,1.0150337,1.6400337,1.6556587,1.8587837,1.9056587,2.1556587,2.3587837,2.3744087,2.4525337,2.3431587,1.7494087,1.4369087
