src/assets/2022081000f000.wind.json
{"header": { "discipline":0, "gribEdition":2, "gribLength":55731, "center":34, "subcenter":0, "refTime":"2022-08-10T00:00:00.000Z", "significanceOfRT":1, "productStatus":0, "productType":1, "productDefinitionTemplate":0, "parameterCategory":2, "parameterNumber":2, "parameterUnit":"m.s-1", "genProcessType":1, "forecastTime":0, "surface1Type":103, "surface1Value":10.0, "surface2Type":255, "surface2Value":-9.999E-252, "gridDefinitionTemplate":0, "numberPoints":40401, "shape":6, "gridUnits":"degrees", "resolution":48, "winds":"true", "scanMode":64, "nx":201, "ny":201, "basicAngle":0, "lo1":90.0, "la1":-5.0, "lo2":140.0, "la2":45.0, "dx":0.25, "dy":0.25 }, "data":
[rows 104 to 129 of 201, columns 57 to 113 of 201]
1.5608158,1.4045658,1.2326908,0.9358158,0.9826908,1.0295658,0.8264408,0.9358158,1.2170658,1.2170658,1.1233158,0.9358158,0.3733158,-0.4235592,-1.3610592,-1.6110592,-1.3610592,-1.3298092,-1.5954342,-1.8923092,-2.2829342,-2.2048092,-0.9860592,-0.9079342,-2.8923092,-7.189184,-10.392309,-10.720434,-10.673559,-10.454809,-10.345434,-10.486059,-10.704809,-10.892309,-11.001684,-11.048559,-11.079809,-11.032934,-11.001684,-10.954809,-10.782934,-10.532934,-10.220434,-9.861059,-9.564184,-9.236059,-8.892309,-8.579809,-8.236059,-7.939184,-7.782934,-7.704809,-7.611059,-7.548559,-7.439184,-7.189184,-6.845434
1.2483158,0.8576908,0.7951908,0.9201908,1.1076908,0.8889408,0.4983158,0.6389408,0.8108158,0.7795658,0.5920658,0.5764408,0.5764408,-0.06418419,-0.8610592,-1.2360592,-1.1735592,-1.2048092,-1.4704342,-1.6735592,-1.7673092,-2.5641842,-2.1423092,-1.4860592,-2.0173092,-5.204809,-9.204809,-11.189184,-11.611059,-11.501684,-11.298559,-11.173559,-11.157934,-11.251684,-11.361059,-11.345434,-11.282934,-11.345434,-11.329809,-11.236059,-11.048559,-10.829809,-10.501684,-10.157934,-9.829809,-9.486059,-9.142309,-8.814184,-8.470434,-8.282934,-8.126684,-7.954809,-7.829809,-7.673559,-7.407934,-7.017309,-6.626684
0.4826908,0.8420658,1.3420658,1.0139408,0.8264408,0.5139408,0.3108158,0.4514408,0.3733158,0.06081581,-0.15793419,-0.18918419,-0.14230919,0.06081581,0.18581581,-0.22043419,-0.4860592,-0.5641842,-0.8141842,-0.8454342,-0.6579342,-1.3610592,-1.8766842,-1.7985592,-2.4860592,-3.1579342,-4.204809,-7.189184,-8.564184,-8.751684,-9.642309,-11.501684,-11.704809,-11.501684,-11.486059,-11.454809,-11.595434,-11.579809,-11.611059,-11.548559,-11.345434,-11.095434,-10.782934,-10.392309,-10.064184,-9.704809,-9.376684,-9.111059,-8.829809,-8.595434,-8.376684,-8.111059,-7.861059,-7.548559,-7.111059,-6.673559,-6.236059
0.4670658,1.1233158,1.3576908,0.8576908,0.4826908,0.20144081,0.17019081,0.12331581,-0.07980919,-0.3610592,-0.5016842,-0.4548092,-0.4079342,0.029565811,0.4201908,0.2795658,0.18581581,0.10769081,-0.22043419,-0.4704342,-0.6423092,-0.9235592,-1.6110592,-2.2048092,-2.8298092,-3.2204342,-3.3610592,-4.298559,-4.064184,-3.7048092,-4.595434,-7.220434,-8.251684,-8.970434,-10.673559,-11.579809,-11.892309,-11.845434,-11.829809,-11.782934,-11.548559,-11.267309,-10.907934,-10.532934,-10.204809,-9.861059,-9.595434,-9.345434,-9.032934,-8.751684,-8.439184,-8.079809,-7.673559,-7.236059,-6.736059,-6.282934,-5.861059
0.8420658,1.2795658,1.0920658,0.5608158,0.13894081,0.013940811,-0.07980919,-0.2516842,-0.3141842,-0.2673092,-0.2985592,-0.22043419,-0.18918419,-0.07980919,-0.03293419,-0.07980919,0.2639408,0.24831581,-0.3141842,-0.7204342,-0.9860592,-1.4391842,-1.7985592,-2.0798092,-3.3610592,-3.5641842,-3.4079342,-4.376684,-3.7204342,-3.0173092,-2.9079342,-3.2829342,-4.064184,-5.157934,-6.001684,-8.814184,-10.986059,-11.392309,-11.986059,-11.907934,-11.595434,-11.314184,-10.986059,-10.579809,-10.282934,-10.048559,-9.767309,-9.486059,-9.189184,-8.782934,-8.376684,-7.861059,-7.345434,-6.814184,-6.282934,-5.829809,-5.454809
1.3264408,1.1545658,0.7951908,0.17019081,-0.14230919,-0.11105919,-0.04855919,-0.20480919,-0.11105919,0.04519081,-0.04855919,-0.17355919,-0.3923092,-0.5173092,-0.6735592,-0.6735592,-0.2673092,-0.23605919,-0.7048092,-0.9079342,-1.0798092,-1.4391842,-1.7829342,-1.6579342,-1.9704342,-2.4079342,-2.4704342,-2.7360592,-3.4235592,-3.0954342,-2.3141842,-2.8766842,-3.2048092,-3.4704342,-3.6266842,-4.517309,-5.189184,-8.111059,-10.517309,-9.564184,-10.892309,-11.189184,-10.923559,-10.673559,-10.423559,-10.142309,-9.829809,-9.517309,-9.048559,-8.517309,-7.954809,-7.392309,-6.892309,-6.439184,-5.767309,-5.282934,-5.048559
0.7014408,0.7639408,0.7014408,0.23269081,-0.20480919,-0.06418419,-0.03293419,-0.06418419,0.15456581,0.07644081,0.07644081,-0.017309189,-0.4548092,-0.8766842,-0.9860592,-0.9235592,-0.7516842,-0.7829342,-1.0173092,-1.1110592,-1.2516842,-1.5329342,-1.7985592,-1.6266842,-1.9704342,-2.3454342,-2.8766842,-3.2673092,-3.4860592,-3.0641842,-2.5329342,-3.0016842,-3.1423092,-2.8298092,-3.5954342,-4.142309,-4.407934,-7.361059,-8.876684,-6.689184,-9.439184,-10.361059,-10.673559,-10.923559,-10.548559,-10.001684,-9.829809,-9.298559,-8.689184,-7.892309,-7.298559,-6.782934,-6.423559,-6.017309,-5.329809,-4.876684,-4.704809
-0.017309189,0.7014408,1.2639408,0.7951908,-0.18918419,-0.09543419,-0.12668419,0.12331581,0.04519081,-0.4235592,-0.09543419,-0.0016841888,-0.4704342,-0.8454342,-0.7985592,-0.7360592,-0.8766842,-1.3298092,-1.4391842,-1.5798092,-1.7829342,-1.8141842,-1.7516842,-1.8610592,-2.6110592,-2.7673092,-2.5954342,-3.3141842,-3.6579342,-2.9079342,-2.7985592,-3.1579342,-3.0173092,-3.0954342,-3.5798092,-4.079809,-4.267309,-6.142309,-6.361059,-5.376684,-6.611059,-5.673559,-6.454809,-8.642309,-8.064184,-6.892309,-8.220434,-8.048559,-7.407934,-6.986059,-6.517309,-6.111059,-5.814184,-5.470434,-4.861059,-4.470434,-4.314184
0.3733158,0.9670658,1.6858158,0.9045658,0.04519081,0.04519081,-0.11105919,0.029565811,-0.5173092,-0.7204342,-0.23605919,-0.17355919,-0.4548092,-0.6423092,-0.5329342,-0.4079342,-0.6579342,-1.5485592,-1.7673092,-1.5954342,-2.2204342,-2.3766842,-2.0798092,-2.4548092,-3.8298092,-4.282934,-3.6266842,-2.7516842,-3.0641842,-2.7829342,-2.9548092,-3.2204342,-3.2204342,-3.3454342,-3.4235592,-3.8766842,-4.157934,-4.407934,-4.173559,-4.142309,-3.8610592,-3.3298092,-3.2516842,-3.5954342,-3.0954342,-2.8298092,-3.2829342,-3.0798092,-3.2516842,-4.829809,-5.782934,-5.532934,-5.220434,-4.861059,-4.345434,-3.9548092,-3.7673092
0.9514408,1.0608158,1.3108158,0.5451908,0.10769081,0.18581581,-0.09543419,-0.2673092,-0.7829342,-0.9704342,-0.3766842,0.04519081,-0.0016841888,-0.5173092,-0.7985592,-0.4079342,-0.4704342,-1.2985592,-1.4704342,-1.2673092,-2.0173092,-2.7673092,-2.9391842,-3.1266842,-3.7048092,-3.4079342,-3.0016842,-2.3923092,-2.4391842,-2.4860592,-2.9860592,-3.3298092,-3.1579342,-3.2985592,-3.3923092,-3.7360592,-3.9704342,-3.8298092,-3.5641842,-3.5329342,-3.2829342,-2.9235592,-2.9079342,-3.1266842,-2.6891842,-2.3298092,-2.2048092,-1.9391842,-2.0016842,-3.0485592,-4.673559,-5.423559,-4.986059,-4.470434,-3.8766842,-3.3766842,-3.1579342
0.9045658,0.7951908,0.8733158,0.3576908,0.013940811,-0.0016841888,-0.18918419,-0.2516842,-0.4079342,-0.5798092,-0.03293419,0.5295658,0.4358158,-0.7360592,-1.6266842,-1.0485592,-1.1266842,-1.5016842,-1.1735592,-1.1423092,-1.5016842,-2.1423092,-3.2204342,-4.001684,-3.2204342,-2.6110592,-2.6423092,-2.4704342,-2.3766842,-2.2360592,-2.8298092,-3.2985592,-3.0954342,-3.2985592,-3.3141842,-3.3923092,-3.3610592,-3.1423092,-3.2204342,-3.0798092,-2.7673092,-2.6423092,-2.6110592,-2.7829342,-2.7360592,-2.4704342,-2.3923092,-1.8298092,-1.7673092,-2.0641842,-2.7829342,-4.142309,-4.423559,-4.111059,-3.3766842,-2.7360592,-2.4079342
0.5139408,0.5451908,0.4826908,0.15456581,0.06081581,0.13894081,-0.23605919,-0.2673092,-0.20480919,0.17019081,0.4983158,0.3108158,-0.22043419,-1.5016842,-3.1423092,-2.8454342,-3.4391842,-3.5954342,-2.5798092,-2.0954342,-1.5954342,-1.5798092,-3.6891842,-5.111059,-3.8610592,-2.1110592,-2.0173092,-2.3923092,-2.7673092,-2.3141842,-2.4391842,-2.8923092,-2.8454342,-3.3298092,-2.7985592,-2.5329342,-2.5173092,-2.4860592,-3.1266842,-3.1891842,-2.5016842,-2.0173092,-2.0173092,-2.3766842,-2.5641842,-2.2048092,-2.0016842,-2.0016842,-1.5798092,-1.6110592,-1.5173092,-1.5329342,-1.9860592,-2.6266842,-2.4860592,-2.0329342,-1.6735592
0.6233158,0.5451908,0.5451908,0.5920658,0.5920658,0.2795658,-0.4860592,-0.3923092,-0.03293419,0.21706581,0.09206581,-0.7360592,-1.0641842,-1.7516842,-3.6266842,-3.9860592,-4.142309,-4.017309,-4.001684,-3.4704342,-2.2360592,-1.6110592,-2.6891842,-3.5798092,-3.2204342,-1.8610592,-1.7985592,-2.1423092,-2.6266842,-2.3610592,-2.4860592,-2.5173092,-2.5329342,-3.0641842,-2.2829342,-2.0016842,-2.1266842,-2.1891842,-2.6110592,-3.1110592,-2.3610592,-1.8298092,-1.7985592,-1.8141842,-2.1266842,-1.9704342,-1.6266842,-1.8454342,-1.8923092,-1.5641842,-1.3923092,-1.1735592,-0.9860592,-1.0485592,-1.2204342,-1.3923092,-1.2985592
0.8576908,0.7014408,0.8420658,1.1545658,1.1233158,0.2795658,-0.5798092,-0.3298092,-0.11105919,-0.5954342,-1.0016842,-1.5954342,-1.8141842,-2.5798092,-3.6891842,-3.5485592,-3.5798092,-4.142309,-4.673559,-3.7985592,-2.1423092,-2.1579342,-3.2048092,-4.111059,-3.2829342,-2.0329342,-1.9860592,-2.1735592,-2.1110592,-2.2204342,-2.3454342,-2.5173092,-2.2204342,-2.2360592,-1.9704342,-2.0485592,-2.1735592,-2.2048092,-2.9079342,-3.3610592,-2.5329342,-2.0641842,-1.7360592,-1.5641842,-1.7360592,-2.0173092,-1.7673092,-1.5641842,-1.5485592,-1.4548092,-1.3766842,-1.3766842,-0.9391842,-0.4235592,-0.4391842,-0.8610592,-1.0954342
0.7483158,0.7170658,0.8108158,0.9045658,0.8889408,0.4045658,-0.20480919,-0.09543419,-0.5016842,-1.4235592,-1.3141842,-1.7048092,-1.7829342,-2.3141842,-2.7048092,-2.1735592,-2.3141842,-2.8766842,-4.032934,-3.5641842,-2.3298092,-2.7673092,-3.7360592,-4.423559,-4.392309,-2.8454342,-2.2516842,-2.5641842,-1.7673092,-1.6735592,-1.8923092,-2.0016842,-1.6735592,-1.2673092,-1.6579342,-2.1579342,-1.7516842,-1.2204342,-1.8766842,-2.4235592,-2.2516842,-2.2516842,-1.9860592,-1.9391842,-1.9548092,-1.9079342,-1.8141842,-1.5173092,-1.3923092,-1.1110592,-0.9704342,-1.5798092,-1.0329342,-0.15793419,-0.07980919,-0.5954342,-0.7829342
0.6076908,0.5295658,0.5920658,0.7170658,0.7326908,0.7483158,0.23269081,-0.2829342,-0.9079342,-1.5641842,-1.0798092,-1.2985592,-1.1266842,-1.6110592,-1.7048092,-0.7516842,-0.5641842,-1.3141842,-2.6266842,-2.2985592,-2.1110592,-2.0016842,-2.0329342,-2.1266842,-2.6891842,-2.3923092,-1.7985592,-1.8298092,-1.1891842,-0.9548092,-1.7985592,-1.8298092,-0.7516842,-0.3298092,-1.3610592,-2.1735592,-1.3766842,-0.6266842,-1.3454342,-2.1423092,-2.2985592,-2.2829342,-2.4391842,-2.6423092,-2.9391842,-2.0016842,-1.7360592,-1.5016842,-1.3141842,-1.1266842,-1.2673092,-2.0016842,-1.2985592,-0.2673092,-0.04855919,-0.4704342,-0.3923092
0.6389408,0.6701908,1.0295658,1.0920658,0.5295658,0.4201908,0.3576908,-0.2516842,-1.2829342,-1.6579342,-1.2048092,-0.9860592,-0.7048092,-1.3454342,-1.1266842,0.12331581,0.3733158,-0.4548092,-1.0329342,-0.7204342,-1.1266842,-1.0485592,-1.0798092,-1.0954342,-1.0329342,-1.2673092,-1.2048092,-1.2829342,-0.8923092,-0.5173092,-1.4860592,-1.8141842,-0.5641842,-0.2829342,-1.3610592,-2.4391842,-1.9235592,-1.0016842,-1.2360592,-2.2516842,-2.4391842,-1.9079342,-1.8454342,-1.9235592,-2.5798092,-2.4391842,-1.9860592,-1.7048092,-1.5016842,-1.1579342,-1.4704342,-2.0954342,-1.4079342,-0.6579342,-0.4235592,-0.5485592,-0.14230919
0.5451908,0.9826908,1.2483158,0.7639408,0.3108158,0.5608158,0.7951908,0.10769081,-1.1579342,-1.1735592,-0.6266842,-0.5485592,-0.5329342,-1.4079342,-1.2829342,-0.07980919,0.17019081,-0.15793419,-0.4235592,-0.2516842,-0.22043419,-0.23605919,-0.7985592,-1.0641842,-0.7204342,-0.9079342,-1.1266842,-1.2985592,-0.8923092,-0.2516842,-0.6735592,-1.4079342,-1.0798092,-1.7829342,-2.9235592,-2.5641842,-2.2204342,-2.0016842,-1.5485592,-1.7360592,-1.8141842,-1.6735592,-2.2829342,-2.0798092,-1.5329342,-1.7985592,-1.1891842,-1.2829342,-1.3141842,-0.9391842,-1.3141842,-1.3298092,-0.5954342,-0.3923092,-0.5016842,-0.3298092,0.13894081
0.4514408,0.9045658,0.9514408,0.5920658,0.4514408,0.7014408,0.6701908,-0.11105919,-0.8923092,-0.6423092,-0.17355919,-0.17355919,-0.20480919,-0.9548092,-1.1266842,-0.2985592,-0.11105919,-0.5329342,-1.0016842,-0.6110592,-0.2985592,0.029565811,-0.4548092,-0.7516842,-0.5485592,-0.6266842,-0.7829342,-1.0641842,-0.9548092,-0.5954342,-0.6735592,-1.1110592,-1.0798092,-1.5173092,-2.1266842,-1.4548092,-1.4548092,-1.8923092,-1.6266842,-1.4235592,-1.1735592,-1.1423092,-2.0016842,-1.9704342,-1.2829342,-1.1735592,-0.6423092,-0.8610592,-0.7360592,-0.5016842,-1.0329342,-1.3610592,-0.4704342,-0.2516842,-0.4235592,-0.3454342,-0.017309189
0.3420658,0.7326908,0.8264408,0.7170658,0.4983158,0.4983158,0.3108158,-0.2673092,-0.5954342,-0.2829342,-0.11105919,-0.14230919,-0.04855919,-0.5485592,-0.6891842,-0.3298092,-0.5798092,-1.0798092,-1.1891842,-0.6423092,-0.3610592,-0.17355919,-0.3141842,-0.5641842,-0.5641842,-0.6579342,-0.7204342,-0.8298092,-0.9391842,-1.1579342,-1.2204342,-1.4391842,-1.1891842,-0.9391842,-0.9860592,-1.0798092,-1.3141842,-1.5954342,-1.7673092,-1.2360592,-0.5016842,-0.5485592,-1.0641842,-1.1110592,-1.1266842,-1.0329342,-0.4860592,-0.4860592,-0.5173092,-0.3610592,-0.5485592,-0.8766842,-0.5485592,-0.3766842,-0.2829342,-0.23605919,-0.14230919
0.24831581,0.5139408,0.7170658,0.7326908,0.2951908,0.06081581,-0.0016841888,-0.14230919,-0.18918419,0.06081581,0.09206581,0.04519081,-0.11105919,-0.5954342,-0.3766842,-0.23605919,-0.5016842,-0.5798092,-0.5329342,-0.3766842,-0.14230919,-0.20480919,-0.2985592,-0.5016842,-0.5641842,-0.5954342,-0.6110592,-0.7048092,-0.5798092,-0.6579342,-0.9391842,-1.4079342,-1.2673092,-1.1423092,-1.0485592,-0.7516842,-0.7829342,-1.0954342,-1.6579342,-1.3454342,-0.22043419,-0.22043419,-0.9548092,-1.6423092,-1.8610592,-1.3298092,-0.5485592,-0.2673092,-0.5016842,-0.5329342,-0.3454342,-0.4860592,-0.4391842,-0.4079342,-0.3298092,-0.12668419,-0.09543419
0.2951908,0.4670658,0.5451908,0.5295658,0.17019081,0.013940811,-0.0016841888,-0.03293419,0.07644081,0.24831581,0.3264408,0.23269081,-0.18918419,-0.6110592,-0.3298092,-0.2829342,-0.3298092,-0.17355919,-0.2829342,-0.22043419,-0.017309189,-0.07980919,-0.15793419,-0.3766842,-0.4860592,-0.5329342,-0.6266842,-0.8298092,-0.5954342,-0.4548092,-0.6579342,-1.2204342,-1.2360592,-1.1579342,-1.0329342,-0.5954342,-0.20480919,-0.3298092,-1.0798092,-1.4860592,-0.4235592,-0.09543419,-0.6735592,-1.1110592,-1.1735592,-1.1579342,-0.7985592,-0.3923092,-0.4235592,-0.6110592,-0.5016842,-0.5329342,-0.2829342,-0.18918419,-0.2985592,-0.2985592,-0.20480919
0.3733158,0.5608158,0.5139408,0.4670658,0.20144081,0.12331581,0.17019081,0.12331581,0.15456581,0.3264408,0.4670658,0.4201908,-0.03293419,-0.4391842,-0.5173092,-0.6735592,-0.5485592,-0.18918419,-0.18918419,-0.11105919,-0.04855919,-0.07980919,-0.3141842,-0.5485592,-0.6423092,-0.5954342,-0.4079342,-0.8298092,-0.9704342,-0.9391842,-1.2516842,-1.5798092,-1.3923092,-1.0641842,-0.7048092,-0.2829342,-0.06418419,-0.11105919,-0.4704342,-1.3923092,-1.0173092,-0.22043419,-0.04855919,-0.3923092,-0.5485592,-0.8141842,-0.6266842,-0.3141842,-0.22043419,-0.4079342,-0.5016842,-0.3610592,-0.18918419,-0.07980919,-0.11105919,-0.2673092,-0.3454342
0.3576908,0.6858158,0.7483158,0.6389408,0.2795658,0.23269081,0.20144081,0.13894081,0.10769081,0.2951908,0.5764408,0.5451908,0.21706581,-0.2985592,-0.5798092,-0.8454342,-0.9079342,-0.5954342,-0.2673092,-0.15793419,-0.22043419,-0.3610592,-0.5641842,-0.9235592,-1.4235592,-0.9079342,-0.3766842,-0.8141842,-1.3298092,-1.4079342,-1.6110592,-1.6266842,-1.1735592,-0.6110592,-0.11105919,0.09206581,-0.11105919,-0.4860592,-0.7204342,-1.2048092,-1.5329342,-0.8454342,-0.07980919,-0.06418419,-0.2516842,-0.4235592,-0.4704342,-0.2985592,-0.09543419,-0.15793419,-0.4548092,-0.4079342,-0.22043419,-0.20480919,-0.14230919,-0.22043419,-0.20480919
0.23269081,0.6076908,0.6701908,0.4358158,0.17019081,0.12331581,0.013940811,0.10769081,0.17019081,0.17019081,0.3420658,0.3420658,0.12331581,-0.4079342,-0.6735592,-0.8923092,-1.0016842,-0.6423092,-0.2516842,-0.2673092,-0.5485592,-0.5954342,-0.5173092,-0.8923092,-1.6110592,-1.0329342,-0.6110592,-1.1891842,-1.7204342,-1.7985592,-1.6735592,-1.3141842,-0.8610592,-0.2985592,0.13894081,0.13894081,-0.20480919,-0.7360592,-1.5641842,-1.7360592,-1.5016842,-0.9235592,-0.23605919,0.013940811,-0.04855919,-0.14230919,-0.3454342,-0.4548092,-0.17355919,0.013940811,-0.2516842,-0.5485592,-0.5016842,-0.3610592,-0.2985592,-0.4079342,-0.3766842
0.15456581,0.4983158,0.4201908,-0.0016841888,-0.06418419,-0.14230919,-0.23605919,0.09206581,0.2795658,0.15456581,0.04519081,0.013940811,-0.15793419,-0.5016842,-0.5954342,-0.8141842,-1.0016842,-0.6735592,-0.2829342,-0.4079342,-0.7204342,-0.6735592,-0.5641842,-0.9704342,-1.2516842,-1.1579342,-1.0798092,-1.1110592,-1.4391842,-1.5173092,-1.4079342,-0.9079342,-0.5329342,-0.11105919,0.029565811,-0.11105919,-0.5329342,-0.9235592,-2.5641842,-3.0954342,-1.5016842,-0.4235592,-0.04855919,0.04519081,0.013940811,0.04519081,-0.0016841888,-0.2829342,-0.3766842,-0.2516842,-0.20480919,-0.6423092,-0.9704342,-0.7829342,-0.5329342,-0.5173092,-0.4235592
