src/assets/2022081000f000.wind.json
{"header": { "discipline":0, "gribEdition":2, "gribLength":55731, "center":34, "subcenter":0, "refTime":"2022-08-10T00:00:00.000Z", "significanceOfRT":1, "productStatus":0, "productType":1, "productDefinitionTemplate":0, "parameterCategory":2, "parameterNumber":2, "parameterUnit":"m.s-1", "genProcessType":1, "forecastTime":0, "surface1Type":103, "surface1Value":10.0, "surface2Type":255, "surface2Value":-9.999E-252, "gridDefinitionTemplate":0, "numberPoints":40401, "shape":6, "gridUnits":"degrees", "resolution":48, "winds":"true", "scanMode":64, "nx":201, "ny":201, "basicAngle":0, "lo1":90.0, "la1":-5.0, "lo2":140.0, "la2":45.0, "dx":0.25, "dy":0.25 }, "data":
[rows 78 to 103 of 201, columns 114 to 170 of 201]
0.20144081,-0.18918419,-0.6423092,-1.1579342,-1.4704342,-1.5798092,-1.6891842,-1.1735592,-0.4391842,-0.4548092,-0.9391842,-0.5329342,-0.12668419,-0.2673092,0.013940811,0.15456581,0.09206581,-0.03293419,-0.2985592,-0.5641842,-0.7673092,-0.7829342,-0.2829342,0.6076908,1.0295658,0.13894081,-1.0641842,-1.6579342,-1.4391842,-0.9235592,-0.5329342,-0.4860592,-0.6110592,-0.6423092,-0.4704342,-0.3454342,-0.3766842,-0.4704342,-0.6579342,-1.0173092,-1.4548092,-1.8454342,-2.1423092,-2.1579342,-2.0173092,-1.9235592,-1.9860592,-2.0641842,-2.1735592,-2.2673092,-2.1891842,-2.0016842,-1.8454342,-1.7829342,-1.7360592,-1.6110592,-1.5016842
0.13894081,-0.2985592,-0.8923092,-1.5016842,-1.9079342,-2.0954342,-1.8610592,-0.6735592,-0.2673092,-0.5329342,-0.4079342,0.15456581,-0.18918419,-0.3298092,0.15456581,0.23269081,0.15456581,0.09206581,-0.18918419,-0.6579342,-0.9079342,-0.7673092,-0.0016841888,0.9514408,0.9670658,-0.3610592,-1.4391842,-1.7673092,-1.4704342,-0.9860592,-0.6110592,-0.5954342,-0.7516842,-0.7829342,-0.5798092,-0.4391842,-0.4235592,-0.4704342,-0.5485592,-0.7673092,-1.1735592,-1.6735592,-2.0798092,-2.1891842,-2.1423092,-2.1423092,-2.1266842,-2.0954342,-2.1891842,-2.3923092,-2.4079342,-2.1891842,-1.9235592,-1.7829342,-1.7204342,-1.6579342,-1.5954342
0.04519081,-0.4235592,-1.1110592,-1.8923092,-2.3923092,-2.6423092,-1.9079342,-0.3298092,-0.20480919,-0.3141842,-0.017309189,0.24831581,-0.2985592,-0.2829342,0.09206581,0.09206581,0.07644081,0.10769081,-0.12668419,-0.6110592,-0.8766842,-0.7516842,0.04519081,0.9670658,0.7014408,-0.7516842,-1.5485592,-1.6423092,-1.4079342,-1.0485592,-0.7516842,-0.8141842,-1.0016842,-1.0016842,-0.7516842,-0.5641842,-0.5329342,-0.5798092,-0.5954342,-0.6891842,-1.0173092,-1.4860592,-1.9235592,-2.1423092,-2.2516842,-2.3298092,-2.2516842,-2.1110592,-2.1735592,-2.3923092,-2.5016842,-2.3141842,-1.9548092,-1.7516842,-1.6891842,-1.6579342,-1.6266842
-0.09543419,-0.5954342,-1.4079342,-2.2516842,-2.8923092,-2.9704342,-1.4704342,-0.07980919,-0.3610592,-0.4548092,-0.03293419,0.15456581,-0.2673092,-0.09543419,0.04519081,-0.04855919,-0.0016841888,0.09206581,-0.09543419,-0.5016842,-0.7829342,-0.7516842,-0.03293419,0.8264408,0.4514408,-0.9079342,-1.4860592,-1.4704342,-1.3141842,-1.0798092,-0.9079342,-1.0954342,-1.3141842,-1.2829342,-0.9704342,-0.7516842,-0.7048092,-0.7204342,-0.7204342,-0.7516842,-0.9704342,-1.3454342,-1.7204342,-2.0485592,-2.2985592,-2.4079342,-2.2829342,-2.0798092,-2.0954342,-2.2985592,-2.4235592,-2.3141842,-1.9548092,-1.6891842,-1.6110592,-1.5954342,-1.5798092
-0.3766842,-0.9391842,-1.7829342,-2.5798092,-2.9704342,-2.5329342,-0.6579342,-0.4079342,-0.9391842,-0.9548092,-0.20480919,0.3420658,-0.22043419,-0.2829342,-0.11105919,-0.07980919,-0.0016841888,0.04519081,-0.07980919,-0.3454342,-0.6110592,-0.6891842,-0.12668419,0.6233158,0.24831581,-0.8923092,-1.3141842,-1.2985592,-1.2204342,-1.0641842,-1.0641842,-1.4235592,-1.6735592,-1.5641842,-1.2204342,-0.9548092,-0.8923092,-0.9235592,-0.9079342,-0.9235592,-1.0798092,-1.3141842,-1.6110592,-1.9548092,-2.2204342,-2.3454342,-2.2048092,-2.0173092,-1.9860592,-2.1423092,-2.2360592,-2.1423092,-1.7985592,-1.5329342,-1.4391842,-1.4079342,-1.4079342
-0.6891842,-1.3141842,-2.1266842,-2.7048092,-2.6735592,-1.7360592,-0.5016842,-1.1579342,-1.6110592,-1.2829342,-0.22043419,0.4826908,-0.22043419,-0.4548092,-0.07980919,0.17019081,0.18581581,0.10769081,-0.03293419,-0.22043419,-0.4548092,-0.6266842,-0.20480919,0.4670658,0.18581581,-0.7985592,-1.1735592,-1.2048092,-1.1735592,-1.0329342,-1.1579342,-1.6266842,-1.9079342,-1.7673092,-1.3766842,-1.1110592,-1.0485592,-1.0798092,-1.0641842,-1.0954342,-1.2048092,-1.3454342,-1.5485592,-1.8141842,-2.0485592,-2.1891842,-2.1735592,-2.0485592,-1.9704342,-2.0329342,-2.0641842,-1.9235592,-1.5954342,-1.3454342,-1.2516842,-1.2204342,-1.2360592
-1.0485592,-1.7360592,-2.4391842,-2.7204342,-2.3610592,-1.3141842,-0.9704342,-2.1735592,-2.1423092,-1.0485592,0.07644081,0.4826908,-0.09543419,-0.2985592,0.12331581,0.6701908,0.5920658,0.2639408,-0.017309189,-0.17355919,-0.4079342,-0.6110592,-0.2516842,0.3264408,0.13894081,-0.6735592,-1.0641842,-1.1579342,-1.1423092,-0.9860592,-1.1579342,-1.7360592,-2.0798092,-1.9704342,-1.5641842,-1.2673092,-1.1579342,-1.1423092,-1.1423092,-1.2048092,-1.2985592,-1.3766842,-1.4548092,-1.6266842,-1.8298092,-2.0798092,-2.2048092,-2.1266842,-1.9548092,-1.9079342,-1.8766842,-1.6735592,-1.3454342,-1.1423092,-1.0641842,-1.0641842,-1.1266842
-1.5329342,-2.1579342,-2.6266842,-2.6423092,-2.2048092,-1.5329342,-2.0016842,-2.9391842,-1.8766842,-0.5016842,0.3108158,0.2951908,-0.14230919,-0.2673092,-0.06418419,0.5920658,0.8576908,0.4201908,-0.03293419,-0.2673092,-0.5173092,-0.6579342,-0.2985592,0.15456581,-0.0016841888,-0.6423092,-1.0173092,-1.1891842,-1.1735592,-0.9860592,-1.1735592,-1.7673092,-2.1891842,-2.2048092,-1.8141842,-1.4391842,-1.2360592,-1.0954342,-1.0641842,-1.1735592,-1.3610592,-1.4391842,-1.4548092,-1.5016842,-1.7048092,-2.0173092,-2.2204342,-2.1266842,-1.8923092,-1.7673092,-1.6891842,-1.4391842,-1.0954342,-0.9079342,-0.8766842,-0.9860592,-1.1266842
-1.9548092,-2.4548092,-2.6579342,-2.4860592,-2.1891842,-2.0798092,-2.1579342,-1.3141842,-0.3141842,-0.3141842,-0.03293419,-0.0016841888,-0.17355919,-0.22043419,-0.23605919,-0.07980919,0.3420658,0.24831581,-0.17355919,-0.4548092,-0.6579342,-0.6735592,-0.3141842,-0.0016841888,-0.18918419,-0.7048092,-1.0798092,-1.2673092,-1.2516842,-1.1110592,-1.2985592,-1.8141842,-2.2204342,-2.3454342,-2.0016842,-1.6110592,-1.3141842,-1.0641842,-0.9704342,-1.1266842,-1.4079342,-1.5641842,-1.5954342,-1.5641842,-1.6735592,-1.9548092,-2.1110592,-2.0485592,-1.8610592,-1.7204342,-1.5954342,-1.2985592,-0.9391842,-0.7516842,-0.8141842,-1.0173092,-1.2204342
-2.3454342,-2.6266842,-2.5485592,-2.2673092,-2.0173092,-1.7829342,-1.1891842,-0.06418419,0.4358158,-0.09543419,-0.4079342,-0.18918419,-0.18918419,-0.14230919,-0.17355919,-0.4548092,-0.5016842,-0.2516842,-0.4548092,-0.6891842,-0.7829342,-0.6735592,-0.3766842,-0.18918419,-0.4079342,-0.8923092,-1.2360592,-1.3454342,-1.3454342,-1.3454342,-1.5485592,-1.9235592,-2.2516842,-2.3923092,-2.0954342,-1.7204342,-1.4548092,-1.1735592,-1.0173092,-1.1891842,-1.5016842,-1.7048092,-1.7048092,-1.5954342,-1.6110592,-1.7985592,-1.9391842,-1.9391842,-1.8610592,-1.7516842,-1.5798092,-1.2204342,-0.8454342,-0.6891842,-0.8454342,-1.1735592,-1.4079342
-2.6891842,-2.6423092,-2.3141842,-1.9548092,-1.5798092,-1.0798092,-0.20480919,0.4983158,0.4358158,-0.07980919,-0.3610592,-0.22043419,-0.3141842,-0.23605919,-0.20480919,-0.3141842,-0.8141842,-0.8454342,-0.8923092,-1.0016842,-0.9235592,-0.7204342,-0.5173092,-0.4860592,-0.7360592,-1.1266842,-1.3298092,-1.3766842,-1.5016842,-1.6891842,-1.8923092,-2.1110592,-2.3298092,-2.3610592,-2.0485592,-1.7673092,-1.6110592,-1.3766842,-1.2360592,-1.3766842,-1.6423092,-1.7673092,-1.6735592,-1.4548092,-1.3766842,-1.5016842,-1.6891842,-1.8454342,-1.8766842,-1.7829342,-1.5641842,-1.1891842,-0.8454342,-0.7673092,-1.0016842,-1.3923092,-1.6423092
-2.8766842,-2.5954342,-2.1110592,-1.6891842,-1.2360592,-0.6110592,0.15456581,0.3576908,0.15456581,-0.07980919,-0.2985592,-0.2673092,-0.2985592,-0.2673092,-0.20480919,-0.5641842,-1.2360592,-1.2829342,-1.2985592,-1.2829342,-1.0954342,-0.8766842,-0.7673092,-0.7985592,-1.0173092,-1.2360592,-1.2985592,-1.3923092,-1.7048092,-2.0173092,-2.1735592,-2.2048092,-2.2360592,-2.1735592,-1.9391842,-1.7985592,-1.6891842,-1.5016842,-1.3766842,-1.4704342,-1.6110592,-1.6579342,-1.5016842,-1.2204342,-1.0798092,-1.2048092,-1.5016842,-1.7985592,-1.9079342,-1.7829342,-1.5329342,-1.1891842,-0.9391842,-0.9079342,-1.1423092,-1.5329342,-1.7829342
-2.9391842,-2.4704342,-1.9548092,-1.5329342,-1.0173092,-0.3454342,0.23269081,0.15456581,-0.09543419,-0.15793419,-0.3610592,-0.3766842,-0.23605919,-0.23605919,-0.4079342,-1.3454342,-1.7048092,-1.6579342,-1.6891842,-1.5641842,-1.3298092,-1.1266842,-1.0954342,-1.1735592,-1.2829342,-1.2985592,-1.3141842,-1.5173092,-1.9548092,-2.2360592,-2.1891842,-1.9704342,-1.9235592,-1.9704342,-1.9235592,-1.8454342,-1.7360592,-1.5485592,-1.4391842,-1.4079342,-1.4235592,-1.3923092,-1.2204342,-0.9235592,-0.7516842,-0.8766842,-1.3141842,-1.7516842,-1.9235592,-1.7516842,-1.4860592,-1.2204342,-1.0954342,-1.1110592,-1.2829342,-1.5798092,-1.8454342
-2.9079342,-2.3454342,-1.8923092,-1.4704342,-0.9391842,-0.2829342,0.20144081,0.20144081,0.029565811,-0.18918419,-0.2829342,-0.2829342,-0.14230919,-0.14230919,-0.5485592,-1.7360592,-1.7829342,-1.9391842,-2.0329342,-1.8454342,-1.6266842,-1.5329342,-1.5641842,-1.5954342,-1.5173092,-1.3766842,-1.4079342,-1.6735592,-2.0173092,-2.0798092,-1.7829342,-1.5329342,-1.6891842,-1.9391842,-1.9704342,-1.8454342,-1.6891842,-1.5173092,-1.3766842,-1.2673092,-1.1891842,-1.1266842,-0.9391842,-0.6266842,-0.4391842,-0.6266842,-1.2204342,-1.7204342,-1.8766842,-1.6579342,-1.4079342,-1.2516842,-1.2829342,-1.3610592,-1.4704342,-1.6423092,-1.8454342
-2.8610592,-2.3298092,-1.9860592,-1.5641842,-0.9079342,-0.2829342,0.12331581,0.029565811,-0.2516842,-0.4860592,-0.15793419,0.029565811,-0.09543419,-0.14230919,-0.4860592,-1.3610592,-1.7048092,-2.0798092,-2.2829342,-2.0798092,-1.9235592,-1.9235592,-1.9704342,-1.8610592,-1.6110592,-1.4079342,-1.3923092,-1.5954342,-1.8298092,-1.8141842,-1.5954342,-1.5485592,-1.7829342,-1.9860592,-1.9235592,-1.7204342,-1.5641842,-1.4548092,-1.3298092,-1.2048092,-1.0954342,-1.0485592,-0.8610592,-0.5954342,-0.5016842,-0.7829342,-1.2985592,-1.6891842,-1.7360592,-1.5173092,-1.3298092,-1.2516842,-1.4235592,-1.5954342,-1.7048092,-1.7673092,-1.8298092
-2.8923092,-2.4704342,-2.2360592,-1.7360592,-0.9391842,-0.3610592,-0.03293419,-0.2673092,-0.5798092,-0.4391842,-0.06418419,0.06081581,-0.14230919,-0.09543419,-0.3298092,-1.1891842,-1.8923092,-2.2516842,-2.5016842,-2.4391842,-2.3454342,-2.3454342,-2.2360592,-1.9391842,-1.5798092,-1.3610592,-1.3454342,-1.5173092,-1.7048092,-1.7516842,-1.8298092,-1.9860592,-2.0329342,-1.9548092,-1.7516842,-1.4704342,-1.3610592,-1.4235592,-1.4079342,-1.2985592,-1.1735592,-1.0798092,-0.9391842,-0.8298092,-0.8610592,-1.0798092,-1.3766842,-1.5798092,-1.5485592,-1.3610592,-1.2360592,-1.2673092,-1.5641842,-1.8454342,-1.9548092,-1.9235592,-1.8298092
-3.0798092,-2.7673092,-2.5798092,-2.0954342,-1.2673092,-0.6891842,-0.06418419,0.029565811,-0.2673092,-0.17355919,-0.5954342,-1.0016842,-0.9548092,-0.7829342,-1.4391842,-2.5641842,-2.8298092,-2.7048092,-2.8454342,-2.8923092,-2.8454342,-2.6891842,-2.3141842,-1.8610592,-1.5173092,-1.3610592,-1.3923092,-1.6110592,-1.7829342,-1.8298092,-2.1891842,-2.4079342,-2.1891842,-1.8298092,-1.4548092,-1.1423092,-1.1735592,-1.4548092,-1.6110592,-1.5641842,-1.3766842,-1.2048092,-1.0954342,-1.1266842,-1.2360592,-1.3141842,-1.3923092,-1.4391842,-1.3610592,-1.2048092,-1.1579342,-1.3298092,-1.7360592,-2.0329342,-2.1423092,-2.0329342,-1.8141842
-3.3298092,-3.1110592,-2.9704342,-2.5641842,-1.9079342,-1.2360592,-0.3298092,-0.15793419,-0.7829342,-1.4235592,-2.2516842,-2.5798092,-2.0954342,-1.8923092,-2.6579342,-3.4548092,-3.3454342,-3.0954342,-3.1266842,-3.1891842,-3.1266842,-2.7829342,-2.2673092,-1.8141842,-1.5485592,-1.4548092,-1.5329342,-1.7516842,-1.9391842,-2.0329342,-2.3610592,-2.3766842,-2.0485592,-1.6266842,-1.2673092,-1.0798092,-1.2516842,-1.5798092,-1.7829342,-1.7360592,-1.5016842,-1.3610592,-1.2985592,-1.3298092,-1.4235592,-1.4548092,-1.4079342,-1.3923092,-1.2673092,-1.1110592,-1.1266842,-1.3923092,-1.8298092,-2.0954342,-2.1266842,-1.9548092,-1.7204342
-3.6735592,-3.5329342,-3.4548092,-3.2204342,-2.7673092,-2.1579342,-1.3766842,-1.4079342,-2.0954342,-2.8766842,-3.4391842,-3.3610592,-2.8923092,-2.8766842,-3.4704342,-3.8610592,-3.6423092,-3.4391842,-3.4079342,-3.3923092,-3.2204342,-2.7829342,-2.2360592,-1.8766842,-1.6891842,-1.6266842,-1.6735592,-1.8923092,-2.1423092,-2.3298092,-2.3923092,-2.1266842,-1.7516842,-1.4704342,-1.3454342,-1.3610592,-1.5173092,-1.7048092,-1.8141842,-1.7204342,-1.5329342,-1.5173092,-1.5329342,-1.5016842,-1.5485592,-1.5329342,-1.4548092,-1.3923092,-1.2360592,-1.0954342,-1.1266842,-1.4391842,-1.8610592,-2.0954342,-2.0329342,-1.7204342,-1.4704342
-4.142309,-4.079809,-4.111059,-4.032934,-3.7360592,-3.2204342,-2.6579342,-2.6735592,-3.0329342,-3.4548092,-3.6579342,-3.5329342,-3.4548092,-3.7048092,-4.017309,-4.079809,-3.9079342,-3.7360592,-3.5954342,-3.4391842,-3.1735592,-2.7204342,-2.2516842,-2.0173092,-1.9235592,-1.8610592,-1.8766842,-2.0485592,-2.2985592,-2.3923092,-2.2204342,-1.8610592,-1.5954342,-1.5173092,-1.6110592,-1.6891842,-1.7204342,-1.7204342,-1.6579342,-1.5329342,-1.4704342,-1.5798092,-1.6266842,-1.6110592,-1.6579342,-1.6423092,-1.5485592,-1.4391842,-1.2673092,-1.1579342,-1.2048092,-1.4860592,-1.8766842,-2.0798092,-1.9391842,-1.5016842,-1.2516842
-4.626684,-4.657934,-4.720434,-4.657934,-4.282934,-3.7048092,-3.1423092,-3.0954342,-3.3141842,-3.5329342,-3.5798092,-3.5798092,-3.7673092,-3.9548092,-4.064184,-4.173559,-4.032934,-3.8298092,-3.6110592,-3.3610592,-3.0485592,-2.6110592,-2.2204342,-2.0485592,-2.0173092,-2.0173092,-2.0485592,-2.1735592,-2.2985592,-2.2985592,-2.0641842,-1.7829342,-1.6579342,-1.6735592,-1.7516842,-1.7829342,-1.7673092,-1.6735592,-1.5173092,-1.3766842,-1.3766842,-1.4860592,-1.5485592,-1.6266842,-1.7516842,-1.7673092,-1.6579342,-1.5329342,-1.3766842,-1.2829342,-1.3298092,-1.5485592,-1.8454342,-2.0173092,-1.8766842,-1.4860592,-1.3766842
-5.204809,-5.267309,-5.267309,-5.048559,-4.501684,-3.8141842,-3.2985592,-3.3141842,-3.5329342,-3.6579342,-3.7204342,-3.8298092,-4.048559,-4.157934,-4.220434,-4.251684,-4.064184,-3.7829342,-3.4860592,-3.1891842,-2.8610592,-2.4391842,-2.1110592,-1.9704342,-2.0016842,-2.0954342,-2.1891842,-2.2673092,-2.2985592,-2.2048092,-2.0016842,-1.8454342,-1.8141842,-1.8298092,-1.8298092,-1.7985592,-1.7516842,-1.6423092,-1.4548092,-1.2985592,-1.2829342,-1.3454342,-1.4235592,-1.5798092,-1.7516842,-1.8298092,-1.7985592,-1.6735592,-1.5173092,-1.4391842,-1.4860592,-1.6110592,-1.7829342,-1.8766842,-1.7829342,-1.5641842,-1.5954342
-5.845434,-5.829809,-5.657934,-5.204809,-4.454809,-3.7829342,-3.4548092,-3.5954342,-3.8141842,-3.9704342,-4.126684,-4.251684,-4.376684,-4.423559,-4.345434,-4.189184,-3.9391842,-3.5954342,-3.2360592,-2.9079342,-2.5954342,-2.2048092,-1.9548092,-1.8923092,-1.9860592,-2.1423092,-2.2673092,-2.3298092,-2.2985592,-2.1735592,-2.0329342,-1.9704342,-1.9704342,-1.9704342,-1.8923092,-1.7985592,-1.7204342,-1.6110592,-1.4235592,-1.2516842,-1.1891842,-1.2048092,-1.3298092,-1.5485592,-1.7360592,-1.8923092,-1.9235592,-1.8298092,-1.6891842,-1.6266842,-1.6579342,-1.7048092,-1.7360592,-1.7360592,-1.6579342,-1.5798092,-1.7048092
-6.282934,-6.111059,-5.767309,-5.126684,-4.345434,-3.8298092,-3.7048092,-3.8923092,-4.126684,-4.345434,-4.470434,-4.501684,-4.486059,-4.361059,-4.173559,-3.9704342,-3.6891842,-3.3610592,-2.9548092,-2.6266842,-2.3141842,-2.0173092,-1.8610592,-1.8766842,-2.0173092,-2.1891842,-2.3141842,-2.3610592,-2.2985592,-2.1735592,-2.0798092,-2.0485592,-2.0485592,-2.0173092,-1.9079342,-1.7829342,-1.6735592,-1.5641842,-1.3923092,-1.2360592,-1.1579342,-1.1735592,-1.3454342,-1.5954342,-1.7829342,-1.9391842,-2.0016842,-1.9548092,-1.8610592,-1.8298092,-1.8298092,-1.7985592,-1.7673092,-1.7204342,-1.6423092,-1.5954342,-1.7673092
-6.517309,-6.189184,-5.704809,-4.939184,-4.298559,-4.064184,-4.079809,-4.236059,-4.454809,-4.626684,-4.611059,-4.532934,-4.376684,-4.126684,-3.8610592,-3.6423092,-3.3766842,-3.0485592,-2.6423092,-2.3141842,-2.0954342,-1.8923092,-1.8298092,-1.9079342,-2.0954342,-2.2829342,-2.4079342,-2.4235592,-2.3298092,-2.1891842,-2.1110592,-2.0798092,-2.0485592,-1.9704342,-1.8454342,-1.7204342,-1.6110592,-1.5173092,-1.3923092,-1.2673092,-1.2204342,-1.2673092,-1.4704342,-1.7204342,-1.8766842,-2.0173092,-2.1110592,-2.1266842,-2.1110592,-2.1266842,-2.0641842,-1.9391842,-1.8766842,-1.8454342,-1.7829342,-1.7673092,-1.8923092
-6.532934,-6.048559,-5.439184,-4.814184,-4.532934,-4.595434,-4.626684,-4.626684,-4.689184,-4.704809,-4.564184,-4.407934,-4.157934,-3.8454342,-3.5641842,-3.2829342,-2.9860592,-2.6423092,-2.2829342,-2.0641842,-1.9704342,-1.9079342,-1.9079342,-1.9860592,-2.2048092,-2.4235592,-2.5329342,-2.5016842,-2.3610592,-2.1891842,-2.0641842,-2.0173092,-1.9391842,-1.8610592,-1.7673092,-1.6735592,-1.6266842,-1.5954342,-1.5329342,-1.4860592,-1.4860592,-1.5798092,-1.7360592,-1.9079342,-2.0641842,-2.2048092,-2.3454342,-2.4079342,-2.4548092,-2.4548092,-2.3298092,-2.1423092,-2.0798092,-2.0798092,-2.0173092,-1.9860592,-2.0954342
