src/assets/2022081000f000.wind.json
{"header": { "discipline":0, "gribEdition":2, "gribLength":55731, "center":34, "subcenter":0, "refTime":"2022-08-10T00:00:00.000Z", "significanceOfRT":1, "productStatus":0, "productType":1, "productDefinitionTemplate":0, "parameterCategory":2, "parameterNumber":3, "parameterUnit":"m.s-1", "genProcessType":1, "forecastTime":0, "surface1Type":103, "surface1Value":10.0, "surface2Type":255, "surface2Value":-9.999E-252, "gridDefinitionTemplate":0, "numberPoints":40401, "shape":6, "gridUnits":"degrees", "resolution":48, "winds":"true", "scanMode":64, "nx":201, "ny":201, "basicAngle":0, "lo1":90.0, "la1":-5.0, "lo2":140.0, "la2":45.0, "dx":0.25, "dy":0.25 }, "data":
[rows 156 to 181 of 201, columns 0 to 57 of 201]
1.2686539,1.3624039,1.1436539,0.67490387,0.59677887,0.04990387,-0.88759613,-1.2157211,-0.88759613,-0.07509613,0.92490387,1.5342789,1.3936539,1.0030289,0.51865387,0.14365387,0.09677887,0.34677887,0.78427887,1.1280289,1.0186539,0.50302887,0.25302887,0.04990387,-0.34072113,-0.59072113,-0.63759613,-0.46572113,-0.15322113,0.01865387,-0.05947113,-0.54384613,-0.79384613,-0.37197113,0.40927887,0.95615387,0.94052887,0.53427887,0.25302887,0.42490387,0.72177887,0.65927887,0.45615387,0.22177887,-0.05947113,-0.20009613,0.15927887,0.33115387,0.19052887,0.34677887,1.0030289,1.3624039,1.0342789,0.53427887,0.33115387,0.23740387,0.47177887,0.73740387
2.8780289,2.8780289,1.9249039,0.64365387,0.03427887,0.04990387,0.0030288696,-0.21572113,-0.26259613,0.06552887,0.42490387,0.42490387,0.09677887,-0.40322113,-0.74697113,-0.46572113,0.51865387,1.1436539,1.2530289,1.1436539,0.98740387,0.69052887,0.34677887,0.17490387,0.31552887,0.09677887,-0.02822113,0.20615387,0.47177887,0.65927887,0.81552887,0.75302887,0.70615387,0.81552887,1.0811539,0.92490387,0.39365387,0.03427887,0.12802887,0.65927887,1.2061539,1.4092789,1.3311539,0.98740387,0.36240387,0.09677887,0.62802887,1.1280289,1.1280289,1.0967789,1.0342789,0.86240387,0.58115387,0.50302887,0.58115387,0.72177887,1.1436539,1.4405289
3.3155289,2.7374039,1.7686539,0.70615387,-0.07509613,-0.02822113,0.40927887,0.48740387,0.23740387,0.12802887,0.12802887,0.09677887,-0.13759613,-0.45009613,-0.52822113,-0.29384613,0.19052887,0.42490387,0.45615387,0.42490387,0.31552887,-0.10634613,-0.45009613,0.06552887,1.0499039,1.0499039,0.75302887,0.54990387,0.28427887,0.23740387,0.44052887,0.53427887,0.48740387,0.34677887,0.14365387,-0.24697113,-0.59072113,-0.54384613,-0.13759613,0.34677887,0.65927887,0.84677887,0.76865387,0.50302887,0.17490387,0.06552887,0.39365387,0.87802887,1.0499039,0.89365387,0.65927887,0.58115387,0.39365387,0.19052887,0.20615387,0.59677887,1.2686539,1.6436539
2.2842789,1.8155289,1.5499039,1.1124039,0.65927887,0.33115387,0.08115387,0.11240387,0.08115387,0.0030288696,0.01865387,0.15927887,0.19052887,0.01865387,-0.13759613,-0.21572113,-0.24697113,-0.35634613,-0.45009613,-0.48134613,-0.59072113,-0.68447113,-0.59072113,0.08115387,1.0967789,1.4405289,1.1905289,0.76865387,0.31552887,-0.02822113,-0.18447113,-0.29384613,-0.49697113,-0.80947113,-1.1219711,-1.2469711,-1.1532211,-0.82509613,-0.41884613,-0.18447113,-0.04384613,0.11240387,-0.09072113,-0.27822113,-0.21572113,-0.20009613,-0.02822113,0.59677887,1.0499039,0.94052887,0.51865387,0.19052887,-0.13759613,-0.41884613,-0.07509613,0.39365387,0.76865387,0.94052887
1.0342789,1.4249039,1.5186539,1.4561539,1.4249039,1.1124039,0.48740387,0.09677887,0.09677887,0.14365387,0.14365387,0.17490387,0.19052887,0.14365387,0.08115387,0.20615387,0.31552887,-0.01259613,-0.55947113,-0.93447113,-0.96572113,-0.62197113,-0.32509613,0.12802887,0.76865387,1.2217789,1.4249039,1.2686539,0.97177887,0.58115387,0.06552887,-0.49697113,-0.84072113,-1.1375961,-1.4344711,-1.4969711,-1.3563461,-0.68447113,0.03427887,0.15927887,0.11240387,0.20615387,0.23740387,0.14365387,0.04990387,-0.05947113,0.19052887,0.56552887,0.84677887,0.92490387,0.79990387,0.50302887,-0.01259613,-0.52822113,-0.21572113,0.53427887,0.70615387,0.73740387
0.58115387,1.3155289,1.3467789,1.5499039,1.9249039,2.0186539,1.6749039,1.2217789,1.0655289,0.95615387,0.56552887,0.22177887,0.06552887,0.03427887,0.17490387,0.39365387,0.42490387,0.04990387,-0.43447113,-0.77822113,-0.95009613,-0.95009613,-0.82509613,-0.57509613,-0.10634613,0.59677887,1.1592789,1.2374039,1.0342789,0.78427887,0.36240387,-0.29384613,-0.77822113,-0.99697113,-1.1844711,-1.7938461,-1.9813461,-0.91884613,0.25302887,0.56552887,0.37802887,0.36240387,0.40927887,0.22177887,0.06552887,0.19052887,0.50302887,0.51865387,0.47177887,0.53427887,0.64365387,0.51865387,0.09677887,-0.57509613,-0.65322113,0.17490387,0.83115387,1.2999039
1.1436539,1.6280289,1.5342789,1.7999039,2.3155289,2.6436539,2.5030289,2.2217789,2.2374039,2.1124039,1.5030289,0.75302887,0.33115387,0.33115387,0.59677887,0.65927887,0.42490387,0.23740387,0.09677887,-0.04384613,-0.20009613,-0.59072113,-0.84072113,-0.95009613,-0.84072113,-0.54384613,-0.13759613,0.09677887,-0.02822113,-0.23134613,-0.34072113,-0.54384613,-0.84072113,-1.0750961,-1.4032211,-2.2938461,-2.7157211,-1.7782211,-0.13759613,0.81552887,0.62802887,0.17490387,-0.09072113,-0.27822113,-0.23134613,-0.05947113,0.14365387,0.26865387,0.29990387,0.31552887,0.28427887,-0.02822113,-0.12197113,-0.40322113,-0.51259613,0.17490387,1.1124039,1.6749039
2.4405289,2.6749039,2.2374039,1.8467789,1.9249039,2.3311539,2.2374039,2.0342789,1.9249039,1.9092789,2.1124039,2.2530289,2.0811539,1.7686539,1.3155289,0.59677887,-0.29384613,-0.52822113,-0.35634613,-0.13759613,0.15927887,0.08115387,-0.26259613,-0.59072113,-0.80947113,-1.0125961,-1.1219711,-0.98134613,-0.99697113,-1.2469711,-1.4500961,-1.2938461,-1.1375961,-1.1063461,-1.2157211,-1.4032211,-1.5750961,-1.3094711,-0.45009613,0.62802887,0.92490387,0.36240387,-0.09072113,-0.40322113,-0.63759613,-0.79384613,-0.63759613,-0.23134613,0.09677887,0.17490387,0.03427887,-0.16884613,-0.16884613,-0.16884613,-0.24697113,-0.01259613,0.61240387,1.2842789
2.6749039,3.6124039,3.6592789,3.0342789,2.5186539,2.3624039,2.0030289,1.7999039,1.3155289,0.92490387,1.4561539,2.7217789,2.8780289,2.1749039,1.3155289,0.59677887,-0.07509613,-0.35634613,-0.32509613,-0.15322113,0.11240387,0.26865387,0.12802887,-0.23134613,-0.60634613,-0.95009613,-1.2625961,-1.5125961,-1.5750961,-1.5282211,-1.6688461,-1.5594711,-1.2469711,-0.96572113,-0.70009613,-0.54384613,-0.68447113,-0.85634613,-0.77822113,-0.26259613,0.37802887,0.75302887,0.90927887,0.76865387,0.33115387,-0.09072113,-0.38759613,-0.38759613,-0.24697113,-0.35634613,-0.57509613,-0.48134613,-0.26259613,-0.21572113,-0.55947113,-0.70009613,-0.10634613,1.0030289
2.0342789,3.7842789,4.503029,4.612404,3.6905289,2.5030289,2.0499039,1.9249039,1.4874039,0.56552887,-0.12197113,0.53427887,1.2061539,1.5342789,1.7061539,1.7530289,1.2686539,0.73740387,0.37802887,0.40927887,0.31552887,0.12802887,0.06552887,-0.12197113,-0.52822113,-0.88759613,-0.96572113,-1.0125961,-0.79384613,-0.24697113,0.08115387,0.0030288696,-0.20009613,-0.26259613,-0.15322113,-0.40322113,-0.84072113,-0.71572113,-0.66884613,-1.3875961,-1.4813461,-0.30947113,0.65927887,1.2686539,1.2999039,0.67490387,-0.30947113,-0.74697113,-0.76259613,-0.76259613,-0.66884613,-0.38759613,-0.10634613,-0.12197113,-0.52822113,-0.73134613,-0.49697113,0.15927887
-0.71572113,0.95615387,2.6436539,3.5499039,3.1905289,2.2842789,1.5186539,1.0499039,0.76865387,0.12802887,-0.77822113,-1.1063461,-0.82509613,-0.13759613,0.94052887,2.1436539,2.2842789,1.7842789,1.0499039,0.54990387,0.23740387,-0.05947113,-0.30947113,-0.46572113,-0.55947113,-0.68447113,-0.55947113,-0.16884613,0.33115387,0.95615387,1.3624039,1.3624039,1.0186539,0.64365387,0.34677887,-0.38759613,-1.0594711,-1.0750961,-1.2625961,-1.7313461,-1.4032211,-0.41884613,0.11240387,0.25302887,0.19052887,-0.20009613,-0.51259613,-0.51259613,-0.43447113,-0.38759613,-0.24697113,-0.09072113,0.09677887,0.19052887,-0.37197113,-1.4188461,-1.8563461,-1.2157211
-2.6532211,-1.8250961,-0.15322113,1.3467789,1.7686539,1.2530289,0.26865387,-0.35634613,-0.37197113,-0.29384613,-0.24697113,-0.29384613,-0.49697113,-0.52822113,0.42490387,2.1905289,3.2217789,3.1436539,2.2686539,1.0967789,0.12802887,-0.49697113,-0.95009613,-1.2157211,-1.2469711,-1.0750961,-0.70009613,0.0030288696,0.89365387,1.6436539,1.6436539,1.5186539,1.3624039,0.97177887,0.50302887,0.03427887,-0.40322113,-0.70009613,-0.71572113,-0.34072113,0.11240387,0.37802887,0.33115387,-0.01259613,-0.21572113,-0.20009613,-0.23134613,-0.34072113,-0.40322113,-0.37197113,-0.20009613,-0.09072113,0.08115387,0.19052887,-0.40322113,-1.7000961,-2.2782211,-1.3407211
-3.7469711,-2.8875961,-1.4032211,-0.10634613,0.11240387,-0.37197113,-0.60634613,-0.46572113,-0.07509613,0.26865387,0.39365387,0.22177887,-0.07509613,-0.27822113,0.19052887,1.3624039,2.1280289,2.1592789,1.5030289,0.53427887,-0.16884613,-0.52822113,-0.84072113,-1.1375961,-1.3094711,-1.0907211,-0.43447113,0.36240387,1.3467789,2.1905289,1.7686539,1.2686539,1.2217789,1.3155289,1.2842789,0.97177887,0.53427887,-0.02822113,-0.43447113,-0.35634613,-0.07509613,-0.13759613,-0.48134613,-0.55947113,-0.38759613,-0.24697113,-0.30947113,-0.55947113,-0.65322113,-0.54384613,-0.43447113,-0.54384613,-0.62197113,-0.65322113,-1.0125961,-1.5907211,-1.9657211,-1.6219711
-3.8563461,-2.6532211,-1.3563461,-0.71572113,-0.04384613,0.47177887,0.29990387,-0.10634613,-0.21572113,-0.16884613,-0.12197113,-0.20009613,-0.40322113,-0.57509613,-0.46572113,0.0030288696,0.47177887,0.64365387,0.45615387,0.28427887,0.47177887,0.70615387,0.64365387,0.39365387,-0.15322113,-0.43447113,0.12802887,0.61240387,1.1280289,1.7842789,1.6124039,1.1592789,1.2530289,1.5811539,1.6124039,1.1436539,0.45615387,-0.34072113,-0.99697113,-1.1532211,-1.0750961,-0.91884613,-0.91884613,-0.85634613,-0.74697113,-0.73134613,-0.59072113,-0.38759613,-0.26259613,-0.29384613,-0.59072113,-0.93447113,-1.2938461,-1.7000961,-1.8094711,-1.5907211,-1.9657211,-2.2469711
-2.1219711,-1.8250961,-1.4344711,-1.1375961,-0.30947113,0.53427887,0.69052887,0.44052887,0.22177887,0.04990387,-0.09072113,-0.24697113,-0.43447113,-0.54384613,-0.55947113,-0.29384613,0.17490387,0.69052887,1.0967789,1.3780289,1.5655289,1.4092789,1.1280289,1.0811539,0.75302887,0.28427887,0.78427887,1.2686539,1.4717789,1.7530289,1.7686539,1.6436539,1.8155289,1.7061539,1.3311539,0.92490387,0.51865387,0.0030288696,-0.24697113,-0.20009613,-0.32509613,-0.41884613,-0.57509613,-0.76259613,-1.1063461,-1.2938461,-0.85634613,-0.34072113,-0.20009613,-0.41884613,-0.93447113,-1.2782211,-1.6688461,-2.1219711,-2.2782211,-1.8094711,-1.7625961,-1.8719711
0.61240387,-0.34072113,-0.59072113,-0.04384613,0.81552887,1.0342789,0.50302887,0.28427887,0.37802887,0.22177887,-0.21572113,-0.59072113,-0.68447113,-0.62197113,-0.43447113,-0.09072113,0.39365387,1.3311539,2.1905289,2.3936539,1.9092789,0.94052887,0.81552887,1.3155289,1.4717789,1.3780289,1.8155289,2.0030289,1.6592789,1.2842789,1.4249039,1.8624039,1.9405289,1.5186539,1.2686539,1.2999039,1.4249039,1.1124039,0.78427887,0.59677887,0.20615387,-0.13759613,-0.41884613,-0.65322113,-0.96572113,-1.1219711,-0.96572113,-0.93447113,-1.0282211,-1.1063461,-1.2469711,-1.6219711,-2.4032211,-2.9188461,-2.8875961,-2.2469711,-1.6063461,-1.2157211
1.3624039,0.95615387,0.86240387,1.0186539,0.86240387,0.64365387,0.33115387,0.03427887,-0.20009613,-0.46572113,-0.85634613,-1.0907211,-1.1063461,-0.77822113,-0.20009613,0.23740387,0.53427887,0.94052887,1.0811539,0.75302887,0.40927887,0.37802887,0.75302887,1.2686539,1.7374039,2.1124039,2.3467789,2.4405289,2.1436539,1.6436539,1.3780289,1.2842789,1.2217789,1.1124039,1.2061539,1.3467789,1.4092789,1.0655289,0.48740387,-0.09072113,-0.46572113,-0.57509613,-0.49697113,-0.30947113,-0.12197113,-0.27822113,-0.73134613,-1.0907211,-1.0594711,-0.90322113,-0.99697113,-1.7313461,-2.6063461,-3.0438461,-3.0282211,-2.7000961,-2.1375961,-1.5907211
1.0499039,0.70615387,0.28427887,-0.12197113,-0.29384613,0.31552887,0.42490387,-0.23134613,-0.71572113,-0.77822113,-0.82509613,-0.87197113,-0.70009613,-0.13759613,0.19052887,-0.26259613,-0.90322113,-1.0438461,-0.82509613,-0.59072113,0.12802887,0.73740387,0.64365387,0.56552887,0.72177887,0.72177887,0.92490387,1.2999039,1.4092789,1.2686539,0.81552887,0.61240387,0.70615387,0.61240387,0.51865387,0.53427887,0.51865387,0.28427887,-0.09072113,-0.41884613,-0.62197113,-0.66884613,-0.59072113,-0.43447113,-0.26259613,-0.41884613,-0.68447113,-0.76259613,-0.49697113,-0.26259613,-0.57509613,-1.5125961,-2.4032211,-2.9344711,-3.1375961,-3.0594711,-2.6844711,-2.2469711
1.0655289,0.61240387,0.04990387,-0.77822113,-1.1688461,-0.93447113,-1.0125961,-1.4813461,-1.7469711,-1.4657211,-1.0594711,-0.63759613,-0.16884613,0.19052887,-0.29384613,-1.5594711,-2.1844711,-1.5125961,-0.59072113,-0.10634613,0.20615387,0.01865387,-0.51259613,-0.84072113,-0.91884613,-0.96572113,-0.74697113,-0.24697113,0.42490387,0.86240387,0.64365387,0.47177887,0.37802887,0.08115387,-0.21572113,-0.30947113,-0.29384613,-0.29384613,-0.37197113,-0.49697113,-0.65322113,-0.79384613,-0.90322113,-0.91884613,-0.79384613,-0.84072113,-1.1532211,-1.1219711,-0.62197113,-0.23134613,-0.43447113,-1.2469711,-2.0438461,-2.5907211,-2.9344711,-3.0907211,-3.0125961,-2.7625961
0.48740387,0.83115387,0.95615387,0.14365387,-1.1688461,-2.2625961,-2.6063461,-2.6532211,-2.8875961,-2.9500961,-2.8407211,-2.5282211,-1.9813461,-1.2782211,-1.1219711,-1.0282211,-0.45009613,0.22177887,0.37802887,0.14365387,-0.16884613,-0.52822113,-0.66884613,-0.96572113,-1.3250961,-1.3094711,-0.95009613,-0.70009613,-0.59072113,-0.49697113,-0.51259613,-0.60634613,-0.49697113,-0.30947113,-0.20009613,-0.20009613,-0.27822113,-0.32509613,-0.41884613,-0.73134613,-1.0594711,-1.2157211,-1.1375961,-0.80947113,-0.34072113,-0.26259613,-0.71572113,-0.70009613,-0.27822113,-0.12197113,-0.46572113,-1.1532211,-1.7313461,-2.0750961,-2.4032211,-2.7000961,-2.8407211,-2.8875961
3.6280289,3.0967789,2.3936539,1.7061539,0.76865387,-0.12197113,-0.55947113,-0.73134613,-0.71572113,-0.54384613,-0.79384613,-1.8407211,-2.4969711,-2.3719711,-2.3875961,-2.3719711,-1.8094711,-1.0907211,-1.0594711,-1.1375961,-0.84072113,-0.40322113,-0.40322113,-0.93447113,-1.2625961,-0.73134613,-0.20009613,-0.55947113,-1.1063461,-1.1063461,-0.82509613,-0.88759613,-0.82509613,-0.51259613,-0.38759613,-0.51259613,-0.59072113,-0.59072113,-0.71572113,-1.0594711,-1.3407211,-1.1844711,-0.84072113,-0.54384613,-0.24697113,-0.05947113,0.01865387,0.19052887,0.34677887,0.17490387,-0.43447113,-1.1844711,-1.7625961,-2.1375961,-2.3250961,-2.4813461,-2.5594711,-2.7000961
1.9092789,2.4092789,2.6280289,2.7530289,2.5030289,2.1436539,2.0030289,2.0342789,2.3311539,2.7999039,2.7999039,1.4717789,0.25302887,-0.23134613,-0.66884613,-0.93447113,-0.98134613,-1.0750961,-1.3563461,-1.0907211,-0.52822113,-0.12197113,-0.26259613,-0.84072113,-1.0125961,-0.45009613,-0.13759613,-0.60634613,-1.0282211,-0.85634613,-0.51259613,-0.77822113,-1.0438461,-1.0282211,-0.93447113,-0.85634613,-0.88759613,-0.79384613,-0.70009613,-0.80947113,-0.87197113,-0.74697113,-0.66884613,-0.70009613,-0.52822113,-0.01259613,0.50302887,0.79990387,1.0811539,0.95615387,0.20615387,-0.74697113,-1.4813461,-1.9969711,-2.2469711,-2.3250961,-2.3875961,-2.5282211
-2.4969711,-0.20009613,1.6592789,2.6905289,2.8311539,2.6436539,2.5655289,2.5499039,2.5342789,2.5030289,2.3155289,1.3155289,0.45615387,0.47177887,1.0186539,1.8936539,2.2061539,1.7686539,1.2374039,1.0342789,0.59677887,0.0030288696,-0.23134613,-0.32509613,-0.43447113,-0.65322113,-0.60634613,-0.62197113,-0.90322113,-0.95009613,-0.65322113,-0.46572113,-0.51259613,-0.60634613,-0.46572113,-0.16884613,-0.23134613,-0.20009613,0.09677887,0.15927887,-0.09072113,-0.49697113,-0.66884613,-0.48134613,-0.07509613,0.40927887,0.84677887,1.0967789,1.3936539,1.5499039,1.1436539,0.26865387,-0.57509613,-1.2157211,-1.6375961,-1.9500961,-2.0438461,-2.0907211
-4.481346,-2.7000961,-0.96572113,0.40927887,1.3155289,1.8624039,2.0967789,2.0499039,1.8467789,1.6905289,1.5655289,1.2530289,1.0186539,1.1436539,1.5811539,2.0967789,2.0967789,1.7686539,1.4405289,0.95615387,0.19052887,-0.26259613,-0.09072113,0.31552887,0.47177887,0.04990387,-0.12197113,-0.24697113,-0.77822113,-1.0282211,-0.57509613,0.03427887,0.22177887,0.23740387,0.34677887,0.36240387,0.03427887,-0.18447113,-0.12197113,-0.04384613,-0.18447113,-0.29384613,-0.20009613,0.08115387,0.42490387,0.72177887,0.94052887,1.0967789,1.3311539,1.6280289,1.6905289,1.3624039,0.75302887,0.01865387,-0.73134613,-1.2938461,-1.3250961,-1.3250961
-5.012596,-4.325096,-3.3875961,-2.2313461,-0.99697113,0.08115387,0.72177887,0.94052887,0.84677887,0.64365387,0.53427887,0.81552887,1.2842789,1.5186539,1.5186539,1.2999039,0.73740387,0.04990387,-0.41884613,-0.71572113,-0.63759613,-0.16884613,0.37802887,0.65927887,0.61240387,0.48740387,0.45615387,0.20615387,-0.18447113,-0.43447113,-0.45009613,-0.12197113,0.34677887,0.64365387,0.61240387,0.17490387,-0.38759613,-0.70009613,-0.65322113,-0.29384613,0.14365387,0.47177887,0.72177887,0.94052887,1.1436539,1.3311539,1.4561539,1.5030289,1.5655289,1.6436539,1.7374039,1.9092789,2.0811539,1.9561539,1.4405289,0.78427887,0.56552887,0.50302887
-4.918846,-4.590721,-3.9813461,-3.0750961,-1.9032211,-0.95009613,-0.82509613,-1.1375961,-1.3250961,-1.2625961,-0.96572113,-0.34072113,0.33115387,0.51865387,0.03427887,-0.79384613,-1.3875961,-1.6219711,-1.7625961,-1.8563461,-1.7469711,-1.4500961,-1.1375961,-1.0282211,-0.91884613,-0.46572113,0.14365387,0.36240387,0.04990387,-0.55947113,-1.0907211,-1.0438461,-0.52822113,-0.20009613,-0.32509613,-0.63759613,-1.0282211,-1.4344711,-1.5282211,-1.0438461,-0.18447113,0.50302887,0.97177887,1.3936539,1.7374039,1.9717789,2.0342789,1.9092789,1.6905289,1.4561539,1.2686539,1.3311539,1.6905289,2.2374039,2.7686539,3.0342789,3.0186539,3.0967789
