src/assets/2022081100f000.wind.json
{"header": { "discipline":0, "gribEdition":2, "gribLength":55731, "center":34, "subcenter":0, "refTime":"2022-08-11T00:00:00.000Z", "significanceOfRT":1, "productStatus":0, "productType":1, "productDefinitionTemplate":0, "parameterCategory":2, "parameterNumber":2, "parameterUnit":"m.s-1", "genProcessType":1, "forecastTime":0, "surface1Type":103, "surface1Value":10.0, "surface2Type":255, "surface2Value":-9.999E-252, "gridDefinitionTemplate":0, "numberPoints":40401, "shape":6, "gridUnits":"degrees", "resolution":48, "winds":"true", "scanMode":64, "nx":201, "ny":201, "basicAngle":0, "lo1":90.0, "la1":-5.0, "lo2":140.0, "la2":45.0, "dx":0.25, "dy":0.25 }, "data":
[rows 50 to 74 of 201, columns 0 to 55 of 201]
3.8152084,3.6433334,3.5339584,3.4714584,3.4870834,3.5652084,3.7058334,3.8308334,3.8777084,3.8777084,3.8933334,3.9558334,4.0339584,4.0808334,4.0495834,3.8777084,3.8464584,4.1589584,4.5495834,4.8620834,5.0652084,5.3464584,5.7683334,6.2214584,6.6433334,6.9402084,7.0964584,7.1433334,6.9558334,6.6120834,6.0808334,5.4558334,5.1277084,5.0652084,5.1433334,5.1277084,4.9714584,3.2058334,1.0183334,0.44020844,0.69020844,1.5027084,3.1433334,4.1433334,4.7370834,5.1120834,5.2995834,5.4870834,5.5027084,4.8620834,3.7995834,2.8464584,2.2370834,1.9402084,1.9245834,2.2995834
3.9402084,3.7527084,3.6120834,3.5495834,3.5652084,3.6589584,3.7995834,3.9402084,3.9870834,3.9870834,4.0339584,4.0964584,4.2370834,4.3152084,4.3620834,4.3464584,4.2683334,4.3777084,4.6745834,5.0027084,5.2683334,5.4870834,5.8152084,6.1902084,6.6120834,6.9402084,7.1433334,7.2683334,7.1589584,6.9089584,6.5027084,5.9402084,5.5808334,5.5808334,5.7058334,5.5808334,4.0495834,2.0027084,1.1902084,1.1120834,1.1902084,1.4558334,3.2058334,4.7058334,5.3152084,5.7058334,5.9245834,6.0495834,5.9870834,5.3308334,4.4714584,3.7527084,3.1745834,2.6902084,2.4558334,2.6277084
4.0652084,3.8777084,3.7214584,3.6277084,3.6433334,3.7214584,3.8777084,4.0183334,4.1120834,4.1277084,4.1589584,4.2370834,4.3933334,4.5495834,4.5964584,4.6277084,4.6433334,4.6589584,4.8308334,5.1277084,5.4089584,5.6589584,5.9245834,6.2370834,6.6433334,7.0027084,7.2214584,7.3152084,7.2214584,7.0339584,6.7058334,6.1433334,5.6902084,5.6120834,5.3152084,3.9245834,1.8464584,1.2058334,1.3620834,1.5964584,1.6589584,1.8933334,3.6902084,5.1589584,5.7839584,6.1433334,6.3464584,6.4558334,6.2839584,5.6120834,4.9402084,4.5339584,4.1433334,3.6589584,3.2527084,3.2058334
4.1902084,3.9870834,3.8152084,3.7058334,3.6902084,3.7527084,3.9089584,4.0964584,4.2058334,4.2527084,4.2683334,4.3464584,4.5027084,4.7058334,4.7839584,4.8308334,4.8308334,4.8308334,4.9402084,5.1745834,5.4558334,5.7370834,5.9870834,6.2839584,6.6589584,6.9870834,7.1589584,7.2214584,7.2058334,7.1433334,6.8152084,6.1902084,5.5027084,4.2995834,2.7214584,1.5652084,0.89333344,0.92458344,0.79958344,1.5027084,1.5495834,2.5808334,4.6589584,5.6589584,6.1745834,6.4714584,6.6277084,6.6745834,6.4870834,5.9245834,5.3620834,4.9870834,4.6745834,4.3152084,3.9245834,3.7370834
4.3152084,4.1277084,3.9402084,3.7995834,3.7527084,3.7839584,3.9245834,4.1277084,4.2995834,4.3777084,4.4089584,4.4714584,4.6433334,4.8152084,4.9089584,4.9558334,4.9714584,4.9402084,5.0183334,5.2370834,5.5027084,5.7839584,6.0027084,6.2683334,6.6120834,6.8933334,7.0339584,7.0027084,6.9402084,6.9402084,6.7058334,6.0495834,4.8620834,2.0183334,0.75270844,0.92458344,0.78395844,0.33083344,0.37770844,1.4714584,1.4245834,2.7683334,4.8620834,5.8777084,6.4089584,6.7058334,6.8308334,6.8464584,6.6902084,6.2839584,5.7839584,5.3464584,5.0495834,4.7683334,4.4714584,4.2370834
4.4245834,4.2995834,4.0964584,3.9089584,3.8152084,3.8308334,3.9402084,4.1120834,4.3152084,4.4714584,4.5652084,4.6589584,4.7995834,4.8933334,4.9245834,4.9714584,5.0183334,5.0183334,5.0495834,5.2683334,5.5495834,5.7995834,6.0027084,6.2214584,6.4870834,6.7527084,6.8933334,6.8308334,6.7058334,6.6433334,6.4558334,5.9402084,4.6589584,1.6277084,0.75270844,1.2839584,0.98708344,0.37770844,0.70583344,1.6433334,2.2058334,3.4245834,4.7683334,5.6745834,6.2214584,6.5964584,6.6902084,6.6277084,6.5495834,6.2995834,5.9558334,5.5808334,5.3308334,5.1589584,4.9714584,4.8152084
4.5027084,4.4245834,4.2370834,4.0027084,3.8464584,3.8308334,3.9558334,4.1120834,4.3152084,4.5027084,4.6589584,4.7995834,4.8933334,4.8933334,4.8777084,4.9245834,4.9714584,4.9714584,5.0027084,5.1902084,5.4870834,5.7370834,5.9558334,6.1745834,6.4089584,6.6433334,6.7995834,6.7683334,6.6277084,6.5027084,6.2683334,5.8308334,5.0183334,2.6589584,1.2058334,1.5964584,1.1120834,0.90895844,1.2683334,1.8152084,3.3152084,4.4402084,5.2683334,5.7683334,6.1277084,6.3308334,6.2527084,6.0964584,6.0027084,5.9402084,5.8152084,5.6120834,5.4714584,5.3933334,5.3152084,5.2370834
4.5495834,4.4402084,4.2527084,4.0339584,3.8620834,3.8464584,3.9870834,4.1433334,4.3464584,4.5495834,4.7370834,4.8933334,4.9714584,4.9089584,4.8777084,4.9089584,4.9402084,4.9245834,4.9245834,5.1120834,5.3777084,5.6277084,5.8777084,6.0964584,6.3464584,6.5964584,6.7058334,6.6277084,6.5027084,6.3620834,6.0964584,5.7527084,5.1589584,2.9870834,1.0183334,1.5652084,1.2214584,1.7370834,3.0652084,3.0808334,4.8152084,5.9558334,6.3777084,6.5495834,6.6120834,6.4402084,6.0339584,5.7527084,5.6277084,5.6277084,5.6277084,5.5808334,5.5183334,5.5027084,5.5495834,5.6277084
4.6277084,4.4558334,4.3152084,4.1433334,4.0183334,3.9870834,4.0808334,4.2058334,4.4245834,4.6433334,4.8152084,4.9402084,4.9870834,4.9558334,4.9245834,4.9558334,5.0183334,5.0027084,5.0027084,5.1589584,5.3620834,5.5808334,5.7995834,6.0339584,6.2995834,6.4558334,6.4402084,6.3152084,6.2058334,6.0964584,5.9558334,5.7527084,5.4558334,3.8464584,1.6277084,1.8308334,1.6589584,2.8464584,5.0808334,5.8152084,6.5652084,7.1589584,7.5027084,7.5183334,7.3152084,6.9089584,6.4089584,6.0808334,5.8777084,5.7683334,5.7214584,5.6745834,5.5964584,5.5964584,5.7214584,5.8933334
4.6433334,4.5027084,4.3933334,4.2995834,4.1745834,4.1120834,4.1433334,4.2995834,4.5027084,4.7214584,4.8620834,4.8933334,4.9245834,4.9714584,5.0027084,5.0183334,5.1433334,5.1433334,5.1433334,5.2839584,5.4870834,5.6745834,5.8308334,6.0027084,6.2058334,6.2527084,6.1433334,6.0652084,6.0027084,5.9870834,6.0027084,5.8620834,5.7370834,5.1277084,2.9714584,1.8620834,2.2214584,4.2683334,5.9714584,6.9870834,7.4089584,7.6902084,7.8464584,7.7058334,7.4402084,7.1120834,6.7995834,6.5808334,6.4245834,6.2527084,6.1120834,5.9714584,5.8152084,5.7683334,5.8777084,6.0652084
4.5808334,4.5027084,4.4558334,4.4089584,4.2995834,4.2058334,4.2370834,4.3933334,4.6120834,4.8152084,4.8933334,4.8620834,4.8464584,5.0027084,5.0808334,5.1277084,5.1902084,5.2370834,5.3152084,5.4402084,5.6120834,5.7839584,5.8620834,5.9402084,6.0808334,6.0964584,5.9558334,5.8464584,5.8933334,6.0183334,6.0964584,6.0027084,5.8777084,5.5339584,3.3152084,1.6589584,2.4245834,4.9558334,6.5964584,7.5027084,7.9870834,8.112083,7.9714584,7.6433334,7.3933334,7.2058334,7.0183334,6.9245834,6.8777084,6.7527084,6.5964584,6.4245834,6.1589584,6.0339584,6.1277084,6.3152084
4.5183334,4.5183334,4.4870834,4.4402084,4.3933334,4.3464584,4.3777084,4.5183334,4.7214584,4.9402084,5.0495834,5.0183334,4.9714584,5.0495834,5.2370834,5.3464584,5.3308334,5.3620834,5.4245834,5.4870834,5.5964584,5.6902084,5.7214584,5.7839584,6.0183334,6.0652084,5.8620834,5.7839584,5.8933334,6.0339584,6.0964584,6.0495834,6.0964584,6.0339584,3.6433334,1.5027084,2.2683334,4.5495834,6.6745834,7.8933334,8.455833,8.487083,8.174583,7.8620834,7.6433334,7.5027084,7.3933334,7.2995834,7.2683334,7.1902084,7.0808334,6.8464584,6.5808334,6.4714584,6.4870834,6.4402084
4.4870834,4.5183334,4.5027084,4.4245834,4.4245834,4.4558334,4.4870834,4.6277084,4.8152084,4.3152084,3.5964584,4.7370834,5.0964584,5.2370834,5.4245834,5.5339584,5.5339584,5.5339584,5.5652084,5.5964584,5.6120834,5.5964584,5.5652084,5.6745834,5.9714584,6.0652084,5.8620834,5.7839584,5.8620834,5.9558334,6.0495834,6.0652084,6.1433334,6.2683334,3.8308334,1.5652084,1.9402084,3.5339584,6.1589584,7.9089584,8.612083,8.674583,8.455833,8.221458,8.049583,7.9402084,7.8308334,7.7058334,7.5964584,7.5027084,7.3308334,7.0652084,6.8933334,6.9402084,5.8777084,3.8620834
4.4558334,4.5027084,4.4714584,4.4402084,4.4870834,4.5339584,4.5808334,4.7058334,4.8620834,3.7058334,2.1902084,4.1120834,5.0964584,5.4089584,5.5495834,5.6277084,5.6277084,5.6433334,5.6902084,5.7214584,5.7370834,5.7058334,5.6433334,5.6902084,5.8464584,5.8308334,5.7058334,5.6902084,5.7995834,5.8777084,5.9870834,6.0808334,6.2058334,6.2995834,3.9402084,1.5339584,1.9558334,2.6902084,4.8464584,7.3777084,8.393333,8.643333,8.612083,8.487083,8.408958,8.299583,8.190208,8.033958,7.8464584,7.7058334,7.4714584,7.1277084,6.5964584,5.9870834,4.5808334,1.3308334
4.4870834,4.4714584,4.4870834,4.4870834,4.5808334,4.6277084,4.6745834,4.7683334,4.8464584,4.4870834,3.7527084,4.3152084,5.0495834,5.4089584,5.5183334,5.4870834,5.5339584,5.6120834,5.6745834,5.7527084,5.8620834,5.9402084,5.9245834,5.8308334,5.7214584,5.5339584,5.4402084,5.5339584,5.7058334,5.8308334,5.9714584,6.0964584,6.2214584,6.4714584,5.5652084,2.6745834,1.5339584,1.9714584,3.8933334,6.5495834,7.8933334,8.518333,8.877708,8.940208,8.846458,8.674583,8.440208,8.205833,7.9714584,7.7527084,7.4245834,7.1277084,4.5808334,1.7214584,2.0652084,1.5339584
4.5339584,4.4870834,4.5183334,4.5808334,4.6433334,4.7058334,4.7370834,4.7839584,4.8933334,4.8152084,4.6433334,4.7995834,5.0964584,5.2683334,5.2527084,5.2370834,5.3308334,5.4870834,5.5964584,5.7214584,5.9089584,6.0964584,6.1120834,5.9714584,5.6745834,5.4089584,5.3308334,5.4558334,5.6745834,5.8464584,6.0183334,6.2058334,6.3777084,6.5339584,6.3777084,3.1902084,1.3308334,1.7214584,3.0808334,5.7370834,7.8308334,8.783958,9.362083,9.471458,9.283958,9.002708,8.705833,8.346458,8.002708,7.6589584,7.3464584,7.1433334,4.3152084,1.1902084,0.98708344,1.4714584
4.6433334,4.5339584,4.5495834,4.6120834,4.6433334,4.7058334,4.7214584,4.7527084,4.8777084,4.9089584,4.6433334,4.7214584,5.0495834,5.0183334,4.9714584,5.0652084,5.2683334,5.4870834,5.6589584,5.7683334,5.9558334,6.1277084,6.1433334,5.9558334,5.6120834,5.3464584,5.3152084,5.4245834,5.6745834,5.8620834,6.0808334,6.2839584,6.4402084,6.1120834,5.4089584,2.9558334,1.1120834,1.5339584,2.5652084,5.0808334,7.7527084,8.846458,9.518333,9.549583,9.315208,9.096458,8.846458,8.518333,7.9870834,7.4714584,7.1120834,6.5027084,3.5183334,1.3620834,1.4245834,1.7058334
4.8464584,4.6120834,4.5339584,4.5339584,4.5495834,4.5964584,4.6433334,4.6902084,4.8308334,4.8933334,3.1120834,2.7527084,4.4870834,4.7370834,4.8308334,5.1120834,5.4245834,5.6902084,5.8464584,5.9245834,6.0027084,6.0495834,5.9245834,5.7058334,5.4089584,5.2527084,5.2995834,5.4714584,5.7058334,5.9245834,6.0495834,6.2839584,6.4870834,5.3777084,2.7370834,1.5495834,1.1902084,1.5495834,2.3152084,3.6902084,6.3464584,8.174583,9.049583,9.033958,8.737083,8.580833,8.580833,8.377708,7.8620834,7.1277084,6.2683334,4.2683334,1.5964584,1.4714584,1.9558334,1.9870834
5.0495834,4.7683334,4.5652084,4.4714584,4.4245834,4.4714584,4.5339584,4.6745834,4.8777084,4.8933334,3.5183334,2.8152084,4.1277084,4.6902084,4.9245834,5.2683334,5.6433334,5.9245834,6.0339584,6.0183334,6.0027084,5.8933334,5.6589584,5.3777084,5.1902084,5.1902084,5.3152084,5.5339584,5.7683334,5.9402084,6.0964584,6.2058334,6.4402084,6.4402084,4.3152084,1.7527084,1.3777084,1.6589584,2.5808334,3.2527084,5.1589584,7.0964584,8.268333,8.315208,8.049583,7.9558334,7.9870834,7.9089584,7.4714584,6.5027084,4.4714584,2.2058334,1.4245834,1.4714584,1.8152084,0.87770844
5.2683334,5.0027084,4.7058334,4.4870834,4.3620834,4.3620834,4.4714584,4.6745834,4.9089584,4.8933334,4.2058334,2.5027084,3.3464584,4.8152084,5.1902084,5.5183334,5.9089584,6.1277084,6.1589584,6.0808334,5.9558334,5.7214584,5.3933334,5.1277084,5.0339584,5.1745834,5.3464584,5.5964584,5.8152084,5.9558334,6.0964584,6.1745834,6.3464584,6.3152084,3.8777084,1.4714584,1.3152084,1.7683334,2.9245834,2.7058334,3.7058334,6.2527084,7.7058334,7.8308334,7.5183334,7.4402084,7.4245834,7.2839584,6.8464584,4.7995834,2.2214584,0.79958344,1.5964584,1.7370834,1.2683334,0.28395844
5.5808334,5.2995834,5.0027084,4.6589584,4.4558334,4.4245834,4.5183334,4.7527084,4.8933334,4.8777084,4.3308334,2.0964584,2.9089584,4.8620834,5.4870834,5.8464584,6.1277084,6.2370834,6.1902084,6.0964584,5.8933334,5.5808334,5.1902084,4.9714584,5.0027084,5.1902084,5.3933334,5.6277084,5.8152084,5.9714584,6.0808334,6.2370834,6.4089584,5.4089584,2.4558334,1.5495834,1.3152084,2.3777084,4.6277084,3.3933334,2.8620834,5.5495834,7.0808334,7.2527084,7.0495834,6.3777084,5.4714584,5.7839584,4.0183334,1.7839584,1.1120834,2.0339584,3.1433334,2.6902084,1.5652084,1.1745834
5.7839584,5.5964584,5.2839584,4.9402084,4.7214584,4.6745834,4.7527084,4.9245834,5.0183334,4.9870834,4.5495834,2.2995834,2.9870834,4.9714584,5.6589584,6.0027084,6.2058334,6.2527084,6.1902084,6.0964584,5.8464584,5.4402084,5.0652084,4.9089584,5.0339584,5.2370834,5.4245834,5.5964584,5.7995834,5.9714584,6.2058334,6.4089584,6.6120834,6.3152084,4.9402084,2.8152084,1.5339584,2.6589584,4.4402084,2.7683334,2.5339584,5.0183334,6.3777084,6.5339584,5.1120834,3.3464584,2.4089584,2.5964584,1.3620834,1.1277084,1.5339584,3.8933334,4.6902084,3.0808334,2.2370834,1.8464584
5.8464584,5.7527084,5.5652084,5.3152084,5.0964584,5.0183334,5.0964584,5.2214584,5.2527084,5.2370834,5.0027084,3.6589584,3.5808334,5.0964584,5.7527084,6.0808334,6.1745834,6.1902084,6.1902084,6.0339584,5.7370834,5.2995834,4.9714584,4.9245834,5.0964584,5.3464584,5.4714584,5.6277084,5.7995834,6.0183334,6.4402084,6.7683334,7.0027084,6.7527084,5.3933334,2.7370834,1.7683334,3.7370834,4.6745834,2.5652084,2.2527084,4.4714584,5.8152084,5.9245834,3.4870834,1.5183334,1.2839584,1.0027084,0.72145844,1.7527084,2.3308334,3.4089584,3.1589584,2.6902084,2.5808334,2.2527084
5.8620834,5.8464584,5.7527084,5.6433334,5.5339584,5.4402084,5.4870834,5.5495834,5.5495834,5.5808334,5.5027084,4.6745834,2.3464584,4.0495834,5.4870834,5.9870834,6.0652084,6.0495834,5.9870834,5.7839584,5.5339584,5.2214584,4.9870834,5.0339584,5.2370834,5.4714584,5.5808334,5.7214584,5.8620834,6.0027084,6.4714584,6.9402084,7.0964584,6.3777084,4.6745834,2.7370834,2.7527084,3.5495834,2.9089584,1.5339584,1.9245834,4.1277084,5.4089584,5.6433334,3.3152084,1.3777084,1.1745834,0.95583344,1.5027084,2.7058334,3.3777084,2.6589584,2.3152084,2.0027084,1.6745834,1.9402084
5.8933334,5.9089584,5.8620834,5.7995834,5.7527084,5.7527084,5.7683334,5.7683334,5.7683334,5.7527084,5.7370834,5.2214584,3.1902084,3.9558334,5.1277084,5.7058334,5.8308334,5.7839584,5.6589584,5.4714584,5.3152084,5.1277084,5.0339584,5.1277084,5.3777084,5.5339584,5.6745834,5.7995834,5.9558334,6.0495834,6.3464584,6.7214584,6.5495834,4.6902084,2.6745834,2.7214584,3.8152084,3.3152084,2.2214584,1.5027084,1.7839584,2.7214584,3.4558334,3.5495834,2.4558334,1.5495834,1.5495834,1.5652084,2.1277084,2.9089584,3.2214584,2.5808334,2.2527084,2.0495834,1.9402084,1.5964584
