src/assets/2022081100f000.wind.json
{"header": { "discipline":0, "gribEdition":2, "gribLength":60781, "center":34, "subcenter":0, "refTime":"2022-08-11T00:00:00.000Z", "significanceOfRT":1, "productStatus":0, "productType":1, "productDefinitionTemplate":0, "parameterCategory":2, "parameterNumber":3, "parameterUnit":"m.s-1", "genProcessType":1, "forecastTime":0, "surface1Type":103, "surface1Value":10.0, "surface2Type":255, "surface2Value":-9.999E-252, "gridDefinitionTemplate":0, "numberPoints":40401, "shape":6, "gridUnits":"degrees", "resolution":48, "winds":"true", "scanMode":64, "nx":201, "ny":201, "basicAngle":0, "lo1":90.0, "la1":-5.0, "lo2":140.0, "la2":45.0, "dx":0.25, "dy":0.25 }, "data":
[rows 0 to 25 of 201, columns 116 to 173 of 201]
4.9681587,4.7337837,2.1869087,0.48378372,0.7181587,1.5931587,2.4056587,1.4994087,0.48378372,-0.26621628,-0.6255913,-0.45371628,-0.32871628,-0.40684128,-0.17246628,-0.031841278,0.23378372,0.40565872,0.18690872,-0.016216278,-0.10996628,-0.14121628,-0.15684128,-0.15684128,-0.20371628,-0.34434128,-0.5630913,-0.7505913,-0.8443413,-0.9068413,-0.9380913,-0.9537163,-1.0162163,-1.0474663,-1.0474663,-0.9537163,-0.8599663,-0.8130913,-0.7505913,-0.6880913,-0.5943413,-0.5162163,-0.43809128,-0.35996628,-0.25059128,-0.07871628,0.20253372,0.5619087,0.9681587,1.4212837,1.8275337,2.2337837,2.8119087,3.4212837,3.7650337,3.7025337,3.3744087,3.1400337
5.0931587,4.3744087,1.6869087,-5.912781E-4,0.37440872,1.3900337,2.6712837,2.4837837,1.4369087,0.6244087,0.030658722,-0.14121628,-0.21934128,-0.14121628,0.07753372,0.28065872,0.39003372,0.7494087,0.48378372,0.07753372,-0.15684128,-0.26621628,-0.32871628,-0.37559128,-0.35996628,-0.32871628,-0.35996628,-0.46934128,-0.6412163,-0.7505913,-0.7505913,-0.7193413,-0.6568413,-0.6099663,-0.5787163,-0.5474663,-0.46934128,-0.34434128,-0.21934128,-0.10996628,-5.912781E-4,0.061908722,0.061908722,0.030658722,0.061908722,0.21815872,0.5150337,0.9369087,1.3431587,1.7181587,2.0150337,2.2494087,2.5150337,2.7806587,2.8900337,2.7650337,2.6087837,2.4837837
3.6712837,1.8587837,-0.047466278,-0.25059128,0.40565872,1.3119087,2.7337837,2.9056587,1.8744087,0.9369087,0.14003372,-0.10996628,-0.09434128,0.061908722,0.23378372,0.31190872,0.5619087,1.1400337,0.9681587,0.39003372,-0.047466278,-0.26621628,-0.35996628,-0.37559128,-0.28184128,-0.12559128,-5.912781E-4,-0.031841278,-0.20371628,-0.39121628,-0.5318413,-0.5318413,-0.35996628,-0.17246628,-0.047466278,-0.031841278,-5.912781E-4,0.10878372,0.24940872,0.35878372,0.42128372,0.40565872,0.28065872,0.15565872,0.17128372,0.35878372,0.7494087,1.2337837,1.6087837,1.8900337,2.0931587,2.2650337,2.3900337,2.4056587,2.2181587,1.6869087,1.1869087,1.2962837
1.3587837,-0.5943413,-1.0943413,-0.21934128,0.28065872,1.3744087,2.9837837,2.8275337,1.7337837,0.7337837,0.09315872,-0.06309128,0.030658722,0.17128372,0.24940872,0.29628372,0.7494087,1.3900337,1.4837837,0.8431587,0.24940872,-0.07871628,-0.21934128,-0.15684128,0.015033722,0.24940872,0.42128372,0.45253372,0.29628372,-0.06309128,-0.48496628,-0.6880913,-0.40684128,0.046283722,0.39003372,0.42128372,0.32753372,0.32753372,0.46815872,0.5775337,0.6400337,0.5775337,0.45253372,0.32753372,0.43690872,0.7337837,1.2181587,1.6712837,1.9525337,2.0775337,2.1869087,2.3275337,2.4369087,2.4369087,2.2962837,1.6244087,0.43690872,0.28065872
0.5619087,-0.016216278,0.21815872,0.7181587,0.5619087,0.8119087,1.9994087,2.0775337,1.1712837,0.5306587,0.18690872,0.030658722,0.030658722,0.21815872,0.6244087,1.2962837,1.4369087,1.6400337,1.8900337,1.3744087,0.7650337,0.37440872,0.17128372,0.23378372,0.42128372,0.6244087,0.6869087,0.6087837,0.5462837,0.48378372,0.10878372,-0.5318413,-0.5318413,0.015033722,0.6556587,0.7962837,0.43690872,0.061908722,0.09315872,0.37440872,0.5775337,0.48378372,0.32753372,0.42128372,0.8275337,1.2806587,1.7025337,2.0306587,2.2181587,2.2337837,2.2337837,2.3431587,2.4525337,2.5619087,2.5619087,1.8900337,0.7181587,0.6244087
1.5775337,1.6556587,1.4212837,1.1244087,0.6400337,0.34315872,1.1556587,1.6400337,0.9837837,0.45253372,0.12440872,0.015033722,0.030658722,0.39003372,1.6712837,2.5306587,2.2337837,2.0775337,2.1087837,1.7025337,1.2025337,0.8119087,0.5462837,0.49940872,0.6244087,0.7650337,0.7337837,0.5619087,0.49940872,0.6400337,0.49940872,0.061908722,-5.912781E-4,0.42128372,1.0462837,1.1244087,0.6087837,0.015033722,-0.31309128,-0.12559128,0.34315872,0.35878372,0.061908722,0.21815872,0.8900337,1.2650337,1.1556587,1.5462837,2.2337837,2.1712837,2.0306587,2.0619087,2.1556587,2.0619087,1.5462837,0.6556587,0.34315872,0.9525337
1.3587837,0.9994087,0.35878372,-0.09434128,-0.07871628,0.14003372,1.0775337,1.3431587,0.34315872,0.10878372,0.10878372,0.09315872,0.061908722,0.6244087,2.6556587,3.3587837,2.8744087,2.4837837,2.3431587,1.9681587,1.5150337,1.1400337,0.8275337,0.6869087,0.7181587,0.7962837,0.7650337,0.6869087,0.5462837,0.29628372,0.14003372,0.15565872,0.37440872,1.2025337,1.8431587,1.5150337,0.8900337,0.48378372,-0.047466278,-0.26621628,0.29628372,0.7650337,0.5150337,0.45253372,0.7650337,0.8431587,0.5775337,1.3431587,2.3431587,2.0931587,1.6712837,1.5619087,1.5306587,1.1244087,0.39003372,-0.20371628,0.14003372,0.8275337
0.21815872,-0.031841278,-0.43809128,-0.5474663,-0.25059128,0.046283722,1.1556587,1.0775337,-0.031841278,-0.12559128,0.09315872,0.20253372,0.17128372,0.8275337,3.2181587,3.9837837,3.4994087,2.9681587,2.6556587,2.1869087,1.6556587,1.2806587,0.9681587,0.7806587,0.7494087,0.7337837,0.6556587,0.49940872,0.030658722,-0.17246628,0.030658722,0.35878372,1.3900337,2.4525337,2.4994087,1.6244087,0.9525337,0.7962837,0.5619087,0.28065872,0.21815872,0.5775337,0.7025337,0.7181587,0.7650337,0.6869087,1.1556587,2.6712837,2.8431587,2.1400337,1.5306587,1.2650337,1.1244087,0.9994087,0.6869087,0.28065872,0.48378372,0.7337837
-0.14121628,-0.07871628,-0.12559128,-0.26621628,-0.047466278,0.061908722,0.6087837,0.5619087,-0.20371628,-0.34434128,-0.15684128,0.09315872,0.24940872,1.2494087,3.6712837,4.3900337,3.9212837,3.3275337,2.8900337,2.3119087,1.6712837,1.2806587,0.9837837,0.7806587,0.7025337,0.6400337,0.5462837,0.42128372,0.18690872,0.24940872,0.5150337,1.2337837,2.5306587,2.8900337,2.2806587,1.4212837,0.9369087,0.5931587,0.5462837,0.6400337,0.6400337,0.7025337,0.5306587,0.8587837,1.5619087,1.6712837,2.1712837,3.4056587,3.0775337,2.3119087,1.7962837,1.5150337,1.2337837,1.0150337,0.9056587,0.7337837,0.5775337,0.48378372
-0.34434128,0.07753372,0.061908722,-5.912781E-4,0.12440872,0.10878372,0.28065872,0.43690872,-0.06309128,-0.15684128,0.030658722,0.20253372,0.45253372,1.9837837,4.1400337,4.6869087,4.1712837,3.5619087,3.0775337,2.4369087,1.7337837,1.2806587,0.9056587,0.6712837,0.6087837,0.5931587,0.5462837,0.5462837,0.6869087,0.9681587,1.3275337,2.0931587,2.7494087,2.5619087,1.9056587,1.4837837,1.4212837,1.1869087,1.2337837,1.4994087,1.5931587,1.4681587,1.1556587,1.7337837,2.8744087,3.1400337,3.4056587,3.5931587,3.0931587,2.4837837,2.0306587,1.5931587,0.7962837,0.030658722,0.6087837,1.4525337,0.7181587,0.32753372
-0.7974663,0.24940872,0.29628372,0.17128372,0.12440872,0.015033722,0.28065872,0.6087837,0.48378372,0.35878372,0.31190872,-5.912781E-4,0.20253372,2.1244087,4.1400337,4.5931587,4.1869087,3.5931587,3.1244087,2.5150337,1.8119087,1.1869087,0.5306587,0.24940872,0.37440872,0.6400337,0.7962837,0.9212837,1.0462837,1.2181587,1.5150337,1.8744087,1.9837837,1.7806587,1.4681587,1.3744087,1.4525337,1.5775337,1.7650337,1.9525337,1.9994087,2.0462837,2.3431587,2.9369087,3.3119087,3.4212837,3.5462837,3.4681587,3.1244087,2.6712837,2.0619087,1.2337837,0.18690872,0.015033722,1.1556587,2.2806587,1.3900337,0.43690872
-1.0162163,-0.17246628,0.09315872,0.10878372,0.24940872,0.18690872,0.37440872,0.39003372,0.39003372,0.28065872,-0.031841278,-0.5630913,-0.34434128,1.5619087,3.5150337,4.1244087,3.8900337,3.4056587,3.0150337,2.5619087,1.9212837,1.1712837,0.39003372,0.030658722,0.28065872,0.8431587,1.1869087,1.2806587,1.2962837,1.3744087,1.3587837,1.3119087,1.2806587,1.1869087,1.0150337,0.8587837,0.9056587,1.1400337,1.4525337,1.7025337,1.9837837,2.3744087,2.8900337,3.2494087,3.0775337,3.0619087,3.3900337,3.4369087,3.1869087,2.7650337,2.0150337,1.0306587,0.17128372,0.21815872,0.8587837,1.3119087,0.9525337,0.40565872
-1.1880913,-0.5162163,-0.06309128,0.015033722,0.21815872,0.21815872,0.21815872,0.10878372,-0.016216278,-0.047466278,-0.18809128,-0.5787163,-0.6255913,0.6244087,2.4369087,3.2337837,3.2650337,3.0150337,2.8275337,2.6087837,2.1556587,1.5306587,0.8119087,0.6400337,0.6400337,1.1087837,1.4369087,1.3119087,1.3119087,1.4681587,1.2806587,1.0931587,1.1244087,1.0931587,0.8275337,0.43690872,0.37440872,0.7806587,1.3119087,1.6869087,2.1087837,2.7181587,3.3119087,2.9212837,1.5150337,1.4369087,2.9056587,3.4837837,3.1712837,2.6869087,1.8900337,0.9369087,0.10878372,-0.031841278,0.07753372,0.12440872,0.09315872,0.030658722
-0.9380913,-0.48496628,-0.016216278,0.14003372,0.29628372,0.09315872,0.10878372,0.28065872,0.046283722,-0.34434128,-0.06309128,-0.10996628,-0.5474663,-0.21934128,0.8431587,1.8587837,2.4681587,2.7337837,2.9056587,2.8587837,2.6244087,1.9525337,0.6712837,0.5619087,0.9994087,1.4369087,1.7337837,1.3275337,1.0619087,1.2181587,1.2181587,1.2025337,1.3119087,1.3587837,1.1087837,0.7025337,0.42128372,0.8744087,1.4369087,1.8587837,2.3431587,2.9212837,3.4212837,2.8587837,1.5619087,1.6556587,3.1712837,3.4525337,2.8431587,2.2337837,1.5462837,0.8587837,0.21815872,0.10878372,0.14003372,0.14003372,0.14003372,0.09315872
-0.42246628,-0.06309128,0.18690872,0.18690872,0.21815872,0.28065872,0.49940872,1.3744087,1.5775337,0.31190872,-5.912781E-4,-0.047466278,-0.20371628,-0.016216278,0.35878372,0.9994087,1.8275337,2.2337837,2.5931587,3.1712837,2.9525337,2.3431587,1.2181587,1.2337837,2.1244087,2.4837837,2.1244087,1.4994087,1.1087837,1.1087837,1.1244087,1.1087837,1.0775337,0.8275337,0.35878372,0.45253372,0.9681587,1.5619087,1.8431587,2.0775337,2.4681587,2.8744087,3.1712837,3.2181587,3.0931587,3.3587837,3.6556587,2.9056587,1.6869087,1.0306587,0.7650337,0.5150337,0.31190872,0.29628372,0.23378372,0.18690872,0.18690872,0.34315872
0.12440872,0.39003372,0.18690872,0.20253372,0.29628372,0.09315872,0.31190872,1.5462837,1.6087837,0.43690872,0.43690872,0.5462837,0.48378372,0.6087837,1.0775337,1.2650337,0.9525337,1.4212837,2.3119087,3.3587837,3.2962837,2.7806587,2.1556587,2.1869087,2.6087837,2.6087837,2.0775337,1.6087837,1.3431587,1.2337837,1.0931587,0.9212837,0.6556587,0.26503372,-0.031841278,0.7025337,1.7806587,2.2025337,2.1400337,2.1869087,2.4369087,2.7025337,2.9369087,3.1244087,3.3119087,3.4681587,3.2494087,1.9369087,0.6244087,0.17128372,0.15565872,0.061908722,0.10878372,0.17128372,0.15565872,0.18690872,0.24940872,0.5150337
0.6869087,1.3431587,0.7337837,0.14003372,-0.016216278,-0.46934128,-0.07871628,0.8587837,0.5306587,-0.34434128,-0.07871628,0.9681587,1.3275337,0.7650337,0.8900337,1.3119087,1.0306587,1.2494087,2.7025337,3.9212837,3.8119087,3.2181587,2.6400337,2.4369087,2.4525337,2.2337837,1.8275337,1.6400337,1.5931587,1.4681587,1.2494087,0.9837837,0.7181587,0.5306587,0.45253372,0.9837837,1.7650337,2.1869087,2.2025337,2.1712837,2.2962837,2.4994087,2.6869087,2.8587837,3.0931587,3.1400337,2.2181587,1.1712837,1.3587837,1.2337837,0.7025337,0.5150337,0.40565872,0.45253372,0.40565872,0.23378372,0.12440872,-0.32871628
0.8744087,1.7494087,1.2650337,0.29628372,-0.21934128,-0.42246628,-0.14121628,0.061908722,-0.20371628,-0.5318413,-0.20371628,1.0150337,1.4525337,0.46815872,0.5462837,1.0931587,0.9994087,0.9681587,2.5619087,4.2806587,4.1712837,3.4837837,2.7962837,2.4681587,2.3119087,2.0306587,1.7650337,1.7025337,1.7650337,1.7181587,1.4994087,1.1869087,0.9056587,0.7025337,0.46815872,0.7650337,1.1556587,1.9056587,2.2650337,2.2337837,2.2806587,2.4369087,2.5306587,2.6400337,2.7962837,2.6400337,1.7494087,1.8275337,3.0150337,3.0306587,1.9369087,1.4525337,0.7494087,0.6244087,0.5306587,0.34315872,-5.912781E-4,-0.5005913
0.7650337,1.5775337,1.5306587,0.5619087,-0.17246628,-0.25059128,-0.17246628,-0.37559128,-0.5005913,-0.40684128,-0.09434128,0.39003372,0.43690872,0.061908722,0.40565872,1.2025337,1.1556587,1.1087837,2.4525337,4.0619087,4.2181587,3.5931587,2.8744087,2.4994087,2.2650337,1.9525337,1.7337837,1.7494087,1.8900337,1.9525337,1.7962837,1.4056587,0.9369087,0.49940872,0.42128372,0.8275337,0.8119087,1.6869087,2.2806587,2.3431587,2.4369087,2.5931587,2.6400337,2.5619087,2.4994087,2.2181587,1.5931587,1.9212837,2.9056587,3.3744087,3.4212837,2.7806587,0.9994087,-0.34434128,-0.7037163,-1.0630913,-0.9849663,-0.06309128
0.6244087,1.2650337,1.4369087,0.5931587,-0.047466278,-0.18809128,-0.20371628,-0.21934128,-0.21934128,-0.20371628,-0.31309128,-0.42246628,-0.39121628,-0.29746628,0.15565872,0.7025337,0.8275337,0.8587837,1.6400337,2.7962837,3.2806587,3.1087837,2.6712837,2.4056587,2.2025337,1.8900337,1.6869087,1.7025337,1.8900337,2.0931587,1.9994087,1.5775337,0.9837837,0.6869087,0.7962837,0.6556587,0.8587837,1.5775337,1.9056587,2.1869087,2.5306587,2.7337837,2.7962837,2.7337837,2.5306587,1.9994087,0.7962837,0.6244087,0.6244087,1.4212837,3.0619087,2.9369087,1.6400337,0.21815872,-0.43809128,-0.6724663,-5.912781E-4,1.0931587
0.6087837,1.1087837,1.2962837,0.7650337,0.28065872,-5.912781E-4,-0.21934128,-0.17246628,-0.14121628,-0.21934128,-0.43809128,-0.5943413,-0.5943413,-0.37559128,0.015033722,0.31190872,0.32753372,0.39003372,0.7494087,1.1400337,1.4681587,1.7337837,1.9369087,2.1400337,2.1556587,1.9212837,1.6869087,1.6712837,1.8431587,2.1087837,2.1556587,1.8744087,1.3900337,1.1244087,0.8119087,0.32753372,0.49940872,0.9681587,1.4056587,1.9056587,2.3744087,2.5775337,2.6244087,2.5931587,2.4056587,1.9525337,1.2025337,1.0931587,0.9212837,1.6712837,2.6400337,2.3900337,1.6087837,0.9212837,0.6712837,0.7494087,1.1400337,1.5462837
0.6556587,0.9369087,0.9994087,0.5619087,0.29628372,0.21815872,-0.17246628,-0.14121628,0.046283722,-0.09434128,-0.43809128,-0.5162163,-0.32871628,-0.09434128,0.21815872,0.48378372,0.5931587,0.8119087,1.0150337,0.8119087,0.49940872,0.6400337,1.2650337,1.9056587,2.2025337,2.0775337,1.8275337,1.7494087,1.8587837,2.0931587,2.2806587,2.2494087,1.8119087,1.1556587,0.6556587,0.21815872,0.12440872,0.45253372,1.0150337,1.6556587,2.2494087,2.4837837,2.4681587,2.3119087,2.0775337,1.8900337,1.8431587,1.9369087,1.9056587,2.1400337,2.3275337,2.0150337,1.4681587,1.1712837,1.1869087,1.3744087,1.5775337,1.7181587
0.9681587,1.0775337,0.9525337,0.49940872,0.09315872,0.14003372,0.20253372,0.5462837,0.7337837,0.43690872,0.09315872,0.09315872,0.46815872,0.7181587,0.8900337,0.9212837,0.7494087,0.5462837,0.46815872,0.5150337,0.42128372,0.39003372,0.9994087,1.7962837,2.0931587,2.2337837,2.1244087,1.9994087,1.9525337,2.0619087,2.2181587,2.2806587,1.9056587,1.1244087,0.45253372,0.14003372,0.10878372,0.17128372,0.39003372,1.3119087,2.3431587,2.6087837,2.5462837,2.2806587,1.9681587,1.7650337,1.7337837,1.8275337,1.9212837,2.0462837,2.1244087,1.9994087,1.6556587,1.4837837,1.6244087,1.8431587,1.9369087,1.9212837
1.3744087,1.5462837,1.4056587,1.1087837,0.48378372,0.15565872,0.15565872,0.29628372,0.24940872,0.21815872,0.23378372,0.15565872,0.17128372,0.35878372,0.6087837,0.7494087,0.5462837,0.29628372,0.43690872,0.8431587,0.5931587,0.42128372,0.5931587,1.2494087,1.7962837,2.2494087,2.4056587,2.2806587,2.1400337,2.1244087,2.1712837,2.2025337,1.7806587,0.9056587,0.09315872,-0.06309128,0.07753372,0.20253372,0.5619087,1.4994087,2.4837837,2.8431587,2.7962837,2.5150337,2.1712837,1.9212837,1.7650337,1.7337837,1.7806587,1.9369087,2.1087837,2.1556587,2.0306587,1.9525337,2.0931587,2.2181587,2.1869087,2.0931587
1.3119087,1.7181587,1.5775337,1.5462837,1.2181587,0.7494087,0.6244087,0.5306587,0.12440872,0.15565872,0.5619087,0.48378372,0.31190872,0.39003372,0.5462837,1.2650337,1.3431587,1.0462837,1.4056587,2.0775337,1.9212837,0.9369087,0.20253372,0.7181587,1.7494087,2.6244087,2.8275337,2.7025337,2.4837837,2.3275337,2.3275337,2.3431587,1.8275337,0.9056587,0.14003372,-0.09434128,0.030658722,0.31190872,0.9369087,1.9212837,2.7962837,3.1244087,3.0775337,2.8587837,2.5462837,2.2650337,1.9837837,1.7962837,1.7650337,1.9056587,2.1556587,2.3275337,2.4056587,2.3900337,2.3431587,2.2650337,2.1556587,2.0462837
1.6087837,1.4369087,1.1244087,1.0775337,1.1087837,1.1244087,1.1087837,0.5775337,-0.18809128,0.35878372,1.7025337,1.8587837,1.2806587,0.9525337,1.1869087,1.8744087,1.8275337,1.2494087,1.2962837,1.7650337,1.9994087,1.3587837,0.46815872,0.31190872,1.3587837,2.9837837,3.5931587,3.4369087,3.0619087,2.7025337,2.5931587,2.5462837,2.0150337,1.1712837,0.29628372,0.12440872,0.40565872,0.40565872,0.6087837,2.0775337,3.4681587,3.6400337,3.5306587,3.2962837,2.9525337,2.6087837,2.2650337,1.9681587,1.8275337,1.9369087,2.1869087,2.3900337,2.4212837,2.2650337,2.0150337,1.8119087,1.6400337,1.5462837
